10000
100
563 17
718 42
640 79
111 73
648 45
751 27
162 29
254 38
147 53
235 75
485 13
674 45
635 35
558 72
309 9
598 59
189 29
431 78
220 64
205 86
351 75
710 59
409 2
74 86
488 38
634 40
503 29
297 69
552 46
9 12
476 25
139 68
378 50
800 73
353 65
439 67
78 7
350 100
326 100
106 88
814 25
306 13
702 95
163 2
293 24
590 50
457 22
196 68
232 76
517 91
59 35
335 5
122 82
594 49
529 15
653 30
810 93
227 86
193 4
270 80
221 24
367 79
274 47
765 14
7 32
129 61
328 62
309 94
54 18
389 35
35 1
137 59
60 80
728 44
8 58
549 13
519 35
577 60
660 79
780 26
648 45
473 38
832 87
409 28
411 17
732 100
612 83
830 25
709 32
300 22
760 90
16 58
725 21
576 40
387 29
67 12
724 31
403 64
132 37
411 98
432 25
505 85
787 3
101 24
113 71
305 49
446 61
650 65
173 82
148 66
592 74
575 71
192 87
433 41
697 33
368 55
564 74
347 84
604 54
238 49
6 87
117 63
24 9
299 88
166 88
760 18
350 25
231 65
254 92
804 18
722 79
832 25
54 29
390 48
547 86
171 28
484 5
292 54
438 52
133 98
748 37
488 54
279 27
59 19
788 91
474 14
395 33
87 58
197 1
377 60
687 1
557 52
432 41
95 97
303 30
698 71
223 58
565 72
359 78
461 44
786 62
313 40
47 94
823 53
580 91
92 79
605 97
828 45
489 65
628 78
395 74
89 38
813 56
809 94
788 89
768 35
260 71
666 40
750 45
4 52
606 27
623 81
449 55
188 99
154 4
638 25
758 42
289 5
755 11
650 21
740 41
69 4
705 56
530 74
460 93
8 56
198 74
68 82
621 44
682 25
392 41
104 9
361 50
627 58
631 77
282 40
728 13
198 7
706 70
678 54
723 96
3 87
795 74
567 32
363 37
245 34
183 24
343 25
336 36
406 3
657 54
671 58
57 61
681 89
208 35
832 4
682 93
680 21
776 49
520 42
222 97
579 61
665 81
52 19
14 93
551 78
528 80
666 17
686 49
43 52
541 26
740 33
535 3
78 26
340 87
94 37
119 19
348 91
212 46
794 6
153 13
202 44
552 86
502 27
750 42
769 18
54 33
59 88
368 70
510 11
608 2
362 48
486 29
52 91
7 63
84 43
784 98
774 61
570 16
219 14
281 17
148 10
822 13
740 90
476 43
314 59
687 60
57 1
337 71
470 28
136 51
405 39
199 48
329 47
778 56
150 29
689 60
64 11
157 42
339 28
697 13
554 83
159 46
313 2
810 33
794 76
692 55
774 87
379 92
476 49
696 87
643 4
487 62
450 65
419 73
490 15
460 5
510 88
21 63
250 57
836 14
169 73
540 87
450 63
318 97
285 75
468 43
189 6
393 54
235 39
197 92
361 16
67 55
23 84
201 22
278 34
322 83
477 19
324 41
541 79
389 49
47 77
622 72
13 65
634 4
193 55
249 27
472 44
459 13
819 69
648 32
238 45
649 51
629 60
272 30
240 97
469 75
62 5
282 17
590 25
621 77
604 98
355 29
254 83
683 90
153 96
408 73
424 6
556 85
451 79
650 70
408 73
670 69
255 85
498 75
663 6
745 36
205 33
427 83
564 35
260 1
31 31
666 34
585 56
663 51
7 20
155 38
306 21
436 7
58 21
299 18
724 47
137 22
659 7
221 40
786 84
313 12
824 13
811 55
109 60
414 66
249 97
779 74
165 36
532 92
404 48
276 31
663 78
256 73
743 28
773 23
311 28
222 31
770 51
369 13
421 90
746 59
734 80
797 86
642 27
273 29
833 68
185 15
328 61
591 23
522 1
153 28
699 52
673 66
286 23
612 23
269 81
657 36
505 40
552 32
281 25
324 63
300 6
664 96
229 52
639 67
316 59
595 12
166 95
227 79
225 44
445 81
685 4
542 19
823 34
425 29
671 11
314 88
398 82
524 53
75 91
794 3
312 82
146 46
62 61
116 42
10 64
146 28
825 67
85 25
468 37
683 37
339 77
781 51
351 90
185 24
75 58
349 88
166 56
488 64
514 99
596 36
151 50
553 65
529 48
485 81
395 2
110 51
448 89
271 40
797 89
704 93
482 61
592 12
564 42
406 18
375 98
282 97
642 61
313 20
165 19
135 38
732 80
43 84
768 75
73 59
137 21
489 31
30 51
224 47
110 92
788 40
621 5
793 46
252 48
800 84
465 77
196 20
563 19
247 61
610 93
88 7
109 62
840 29
13 79
732 95
121 42
94 32
164 45
658 70
754 65
658 12
567 10
732 22
22 47
649 47
167 20
125 63
278 14
645 64
583 83
376 10
716 87
671 56
295 54
124 48
625 48
578 1
141 42
665 81
96 80
306 59
362 71
531 59
122 19
116 55
231 51
132 67
244 35
695 57
404 14
314 52
45 57
6 32
238 40
709 33
451 9
477 89
759 53
765 100
658 17
5 8
119 45
547 16
775 53
751 49
302 57
650 21
478 58
354 12
266 79
1 29
388 65
605 81
692 22
562 76
284 75
311 11
280 4
726 46
426 70
610 44
428 64
582 2
220 97
200 40
284 65
49 50
442 52
775 4
246 62
607 86
46 59
69 28
588 85
106 5
549 67
737 35
137 24
79 22
661 49
249 79
730 62
144 1
666 55
468 24
43 64
548 77
821 50
290 54
668 57
731 52
109 2
793 77
356 25
789 86
448 45
797 42
656 43
7 1
489 26
301 62
713 31
802 88
169 41
374 38
680 41
246 99
645 100
55 3
493 79
102 18
61 6
368 51
519 14
500 19
765 74
385 2
275 98
55 37
273 11
324 27
529 60
737 5
162 51
743 40
749 44
493 63
474 42
270 64
222 30
338 17
529 37
154 22
158 60
465 87
255 59
300 17
55 97
743 99
122 36
710 71
369 60
781 29
338 53
2 16
83 73
725 8
772 18
201 75
155 99
201 67
79 65
312 3
693 99
528 64
680 7
707 92
506 34
206 56
298 56
293 48
126 65
396 24
431 27
840 29
360 89
406 60
567 9
792 59
128 77
343 48
811 13
186 61
572 63
219 6
401 10
518 61
719 60
494 40
535 68
769 39
429 78
688 89
827 65
168 89
429 51
465 32
83 20
250 12
73 78
373 21
717 9
178 18
453 7
666 93
127 83
530 14
526 65
482 12
658 14
426 32
519 99
32 55
231 81
80 7
523 99
304 88
818 46
662 30
433 17
622 98
73 100
74 54
288 64
822 38
352 93
402 25
199 80
385 71
577 65
15 80
79 52
397 35
191 31
266 54
235 51
43 60
334 83
120 78
374 20
814 61
473 66
350 79
273 54
375 79
628 56
128 64
65 40
375 90
88 32
570 14
600 19
694 88
43 55
735 46
736 5
217 76
496 18
291 69
584 76
130 79
780 24
240 22
572 87
34 32
402 5
191 87
250 36
477 56
3 87
24 13
273 8
657 2
41 8
794 11
629 22
746 8
691 11
311 30
276 19
666 72
521 97
310 30
799 63
642 13
292 90
594 85
136 95
282 43
429 18
142 90
10 77
497 35
346 9
805 57
449 77
134 34
572 49
521 77
384 17
23 72
112 15
620 82
738 46
209 55
765 26
121 16
157 90
180 42
411 14
393 34
743 84
618 23
69 39
670 48
482 28
789 1
99 55
396 49
160 55
318 58
568 97
295 53
697 1
33 10
771 55
774 11
778 59
273 17
787 49
271 8
784 4
33 52
78 82
793 28
3 88
355 33
545 73
21 74
251 41
121 98
295 84
10 79
451 7
548 23
810 32
645 17
12 79
607 51
398 71
777 76
719 93
548 30
253 62
133 88
374 62
241 68
298 15
108 50
69 75
36 66
273 35
390 88
539 73
375 23
270 47
473 35
521 57
266 62
312 26
557 10
640 10
673 88
209 92
162 28
316 71
164 92
218 47
133 98
375 62
332 48
15 93
51 56
694 79
444 89
58 96
698 84
229 56
395 31
402 81
702 7
317 99
568 85
283 76
741 17
261 61
835 64
670 58
96 18
737 96
368 68
423 76
407 89
412 60
236 98
657 84
84 35
612 98
536 25
75 25
765 66
229 43
49 34
559 20
369 89
796 60
731 17
317 13
822 31
268 26
152 93
428 43
34 61
408 13
238 66
245 95
335 91
747 92
13 46
685 76
556 69
391 2
369 79
187 65
167 19
451 83
814 11
253 45
415 18
782 24
40 54
2 27
695 98
185 4
774 5
414 1
658 57
186 3
421 72
438 53
776 24
751 53
592 70
734 67
128 46
153 14
190 43
309 2
815 97
462 76
43 33
663 67
375 75
346 96
180 42
140 13
601 73
814 34
840 76
309 62
31 49
349 51
458 69
116 18
391 66
394 65
460 14
631 29
359 70
835 63
317 77
610 93
302 28
576 64
210 18
683 36
628 36
770 8
498 10
424 79
206 9
360 36
339 8
669 71
653 35
561 97
784 94
102 79
322 8
73 100
814 31
520 65
654 25
625 60
184 39
620 54
686 33
453 58
617 34
647 98
268 25
556 66
548 60
628 85
619 11
125 60
115 56
836 20
777 27
12 83
72 79
121 20
552 44
16 48
662 94
374 18
490 14
148 87
61 6
406 48
294 91
89 20
189 86
529 36
184 96
232 7
290 44
82 3
346 73
751 16
195 4
690 38
697 56
158 77
713 47
408 17
711 30
476 25
312 98
198 2
282 5
69 83
399 93
499 7
627 100
516 45
192 4
258 80
68 27
574 26
572 5
335 24
457 14
116 41
370 45
154 36
644 51
253 89
152 8
727 1
708 30
617 10
337 2
58 73
264 28
349 93
648 28
758 80
724 100
785 62
124 76
154 52
359 17
684 13
813 96
677 63
229 53
216 89
157 66
750 49
825 97
616 55
60 45
92 83
304 38
80 44
565 85
543 30
424 33
293 65
127 7
210 43
724 11
415 19
104 38
227 67
82 68
443 91
766 18
323 75
244 84
578 28
284 64
353 9
42 86
180 40
347 15
616 66
334 94
671 26
623 3
358 75
810 68
126 81
2 30
644 40
608 44
614 40
429 18
183 41
397 32
68 61
580 76
616 57
649 64
76 74
340 10
72 91
108 83
283 82
167 36
661 56
810 26
457 74
225 40
114 84
361 68
440 72
353 85
36 23
389 88
8 36
554 97
560 49
390 92
522 49
154 55
807 64
3 24
569 18
17 19
500 16
721 81
463 79
668 52
729 36
821 78
543 13
822 47
57 49
133 96
240 8
372 55
327 6
305 74
314 49
205 36
165 63
366 23
102 96
414 37
294 100
761 56
139 6
17 31
434 88
98 35
613 100
137 29
5 8
59 40
537 84
271 35
773 50
169 29
228 88
689 55
378 80
414 99
71 71
141 75
150 90
782 95
154 75
548 64
404 56
31 73
387 78
407 6
678 55
161 37
442 94
98 66
751 20
331 31
497 52
366 61
580 69
734 16
412 4
28 43
282 94
145 28
738 39
833 46
124 39
550 33
253 21
576 49
6 20
485 59
260 53
14 47
623 69
476 25
257 96
660 55
818 85
784 64
336 94
457 70
708 19
300 69
483 8
184 91
592 81
366 43
239 74
612 13
659 32
64 90
504 13
812 64
498 37
374 78
213 75
410 48
204 8
714 34
211 83
90 89
832 55
156 92
162 89
700 50
153 40
188 17
825 35
660 85
179 69
481 78
175 3
634 56
503 76
512 70
508 39
294 27
322 73
155 100
137 59
297 6
545 37
93 75
231 85
320 85
837 41
488 67
106 93
840 39
370 34
422 20
192 43
509 8
413 53
318 64
683 15
822 13
240 2
306 39
44 58
633 27
44 22
789 80
465 27
702 80
373 82
278 21
496 98
756 65
265 98
38 1
568 34
513 82
581 91
530 75
510 100
827 52
1 29
407 31
183 14
177 58
313 61
833 7
117 76
801 77
252 23
514 5
662 5
213 63
569 11
263 19
519 85
474 93
7 79
435 2
791 17
254 26
193 42
798 10
43 79
677 8
354 69
290 61
550 39
683 57
309 10
739 82
285 96
475 33
439 14
736 82
491 31
757 72
692 93
175 98
604 18
256 85
450 81
691 30
718 76
694 54
186 36
368 49
211 58
543 60
482 54
743 49
392 34
524 70
674 42
695 19
399 20
388 59
268 51
27 22
786 87
42 48
444 58
500 54
516 93
819 64
414 5
734 29
182 24
732 98
630 3
795 9
288 28
91 49
821 40
465 20
365 67
806 11
380 47
377 32
156 74
671 53
129 61
624 82
272 75
522 58
397 85
277 45
148 52
730 23
309 26
383 83
433 61
119 87
600 53
176 80
320 7
792 100
565 7
285 87
41 60
622 19
837 40
537 4
144 11
370 29
651 86
313 15
257 38
783 36
25 28
481 44
254 96
747 41
60 73
612 31
437 38
12 79
71 64
379 23
342 80
69 61
637 4
131 63
6 32
430 70
415 28
715 50
165 33
709 25
354 10
468 42
788 75
608 13
596 29
291 11
733 97
227 86
332 64
331 51
164 76
625 31
99 2
499 100
293 85
419 3
68 19
39 33
102 8
742 52
398 95
731 100
702 78
300 7
147 69
442 46
669 86
212 1
760 81
758 15
603 41
519 12
679 53
799 4
636 88
464 63
302 10
791 56
744 23
692 89
142 61
629 10
97 56
355 48
204 16
821 62
798 89
471 35
774 69
698 43
167 12
738 71
296 38
28 83
666 14
38 16
435 27
506 68
321 10
292 97
566 22
490 13
733 79
239 44
166 18
823 49
119 67
504 35
674 7
255 3
366 38
198 46
666 46
746 37
820 21
559 78
519 99
306 37
583 2
394 26
722 69
72 99
208 59
106 51
119 78
454 85
92 12
333 16
306 89
377 53
518 73
63 89
350 37
504 40
33 34
221 34
98 86
801 60
415 51
243 32
165 46
354 52
388 58
703 62
307 100
662 19
617 54
383 99
35 26
452 88
182 21
203 44
107 70
715 1
707 18
684 58
116 4
343 28
340 54
635 15
382 56
206 81
467 92
256 31
676 61
202 98
361 98
136 18
283 46
253 23
592 85
221 63
30 100
424 32
115 41
540 1
575 48
445 98
688 42
356 24
16 78
652 88
494 69
297 9
297 100
417 74
610 28
152 52
793 30
732 33
93 14
200 30
766 78
116 90
407 80
334 56
29 15
596 39
728 98
682 26
130 50
529 94
113 26
338 48
622 59
779 2
833 10
190 67
575 79
109 76
393 93
514 74
559 75
840 40
677 14
97 11
816 76
410 19
708 18
571 72
104 8
435 41
623 35
169 7
724 100
244 68
252 10
409 53
755 77
368 63
168 31
236 11
52 49
503 2
20 4
428 82
375 46
539 27
342 29
363 3
480 45
754 15
186 65
292 31
149 47
82 29
607 92
790 99
237 15
644 68
71 67
568 8
517 100
33 48
32 97
701 84
432 98
364 57
768 72
835 18
29 79
584 3
517 44
173 32
172 99
626 95
774 46
586 24
418 49
403 42
714 89
522 45
401 30
418 15
51 91
561 86
362 97
188 88
783 70
29 3
577 76
349 27
229 47
426 24
324 51
134 52
461 9
276 40
245 31
752 84
217 38
785 48
757 22
723 97
632 61
95 39
395 56
296 34
169 72
763 24
496 92
792 73
588 89
814 9
451 71
151 100
650 62
385 63
647 17
384 12
275 14
492 24
802 62
747 37
33 17
372 43
696 96
647 58
152 10
71 52
656 80
307 72
714 2
46 10
200 94
173 75
513 82
21 16
660 33
250 18
150 99
583 98
576 72
293 78
774 37
269 46
97 56
794 14
712 9
196 53
443 69
157 71
596 33
16 54
527 61
790 48
184 53
682 60
274 39
807 19
402 48
175 49
216 57
356 40
155 14
268 82
131 22
793 22
565 15
144 31
334 3
208 65
394 26
392 82
749 28
195 69
722 51
559 8
71 37
4 8
571 82
831 65
699 48
555 71
350 34
45 81
359 83
84 27
233 59
361 9
184 70
42 95
110 49
740 24
417 20
512 78
468 22
264 39
543 80
637 30
293 73
536 27
419 13
315 64
784 63
164 5
644 48
486 25
232 35
587 95
739 45
828 83
704 3
9 25
271 8
507 8
43 16
760 7
31 23
546 4
246 57
355 54
287 8
686 30
168 24
636 46
402 35
636 64
717 59
248 38
301 47
835 9
48 12
81 70
682 23
53 74
470 13
724 94
27 59
190 5
542 95
802 83
727 34
449 73
702 78
345 48
311 70
737 17
445 40
328 26
661 100
342 70
221 46
501 64
838 87
46 24
331 9
5 92
313 78
502 38
31 68
362 86
688 24
368 74
268 26
628 42
416 79
584 16
633 21
607 34
349 93
101 69
746 43
20 2
631 71
290 64
73 12
552 43
727 33
13 37
532 53
684 56
617 70
175 26
476 49
240 81
283 87
473 59
330 58
583 32
724 47
428 21
273 2
520 3
399 83
751 83
254 18
364 12
678 29
316 94
448 81
430 17
575 28
495 29
348 38
487 48
342 48
228 25
650 45
559 40
379 55
516 81
202 67
291 12
294 60
547 86
3 95
700 64
687 92
147 37
152 31
474 30
415 66
38 51
822 94
818 86
512 57
708 88
334 24
52 37
817 37
101 15
37 26
277 15
664 51
5 31
749 98
549 52
757 51
492 87
702 65
840 65
35 90
509 69
405 37
62 53
395 37
83 57
423 7
725 87
135 65
80 70
492 89
230 26
327 73
601 74
181 69
361 100
819 12
502 30
617 81
104 39
24 73
55 71
543 70
637 63
187 77
445 88
114 18
61 98
482 32
225 44
404 66
56 37
775 52
391 43
53 80
669 6
713 46
330 39
176 9
788 70
202 88
451 81
387 32
592 24
375 43
360 52
205 74
364 32
829 78
596 61
549 7
191 44
409 75
533 66
160 74
142 53
271 72
58 40
372 76
264 72
740 37
828 15
694 100
234 3
406 65
211 62
840 43
455 25
491 44
388 7
224 42
762 74
92 31
103 37
376 90
799 72
591 76
269 23
469 88
199 17
333 72
153 46
668 48
600 99
673 3
746 98
326 73
434 60
229 63
514 69
455 89
284 79
333 50
647 75
389 45
136 78
444 63
409 98
409 15
247 35
622 26
242 10
335 63
559 82
711 57
604 5
588 75
342 17
420 18
647 36
117 63
651 40
148 95
312 84
167 47
89 65
54 58
573 66
645 27
593 70
688 45
62 74
635 44
120 69
181 27
175 48
355 49
306 25
685 50
383 90
267 96
303 46
353 22
432 7
88 91
825 99
137 44
792 43
331 20
294 90
287 95
667 85
432 84
50 27
306 17
332 42
793 13
574 18
657 71
84 2
796 90
47 30
457 49
430 81
149 19
201 43
430 29
138 5
685 65
432 81
694 31
193 64
411 53
778 3
389 99
285 7
626 29
101 44
307 93
67 63
290 1
718 100
350 69
57 38
1 95
402 3
110 83
65 26
525 70
767 94
544 55
777 62
27 18
486 2
428 69
92 99
148 88
314 6
41 66
633 32
482 27
258 80
40 72
171 3
706 53
488 28
668 48
654 100
704 58
687 54
218 53
372 25
621 25
89 41
413 57
840 48
665 81
62 15
118 17
1 87
511 74
313 3
700 95
491 28
424 83
631 8
243 10
118 61
359 41
540 1
218 22
636 63
129 12
735 67
484 41
642 78
577 18
237 39
329 97
346 9
714 43
48 70
622 12
201 15
569 55
6 23
426 43
541 77
331 28
485 11
103 18
730 91
719 29
409 100
28 65
230 42
385 42
316 57
644 87
330 51
121 87
456 5
105 38
780 20
397 63
271 89
387 100
658 67
386 56
414 61
338 23
224 20
602 60
335 59
708 82
514 5
576 53
537 95
644 18
539 91
332 69
603 72
271 36
809 62
653 46
702 46
397 3
166 62
239 88
261 42
55 89
181 53
551 18
127 98
763 50
250 74
207 44
462 57
258 81
233 20
817 77
531 80
459 65
650 45
369 37
363 50
559 93
530 88
420 39
204 25
351 1
536 35
436 37
608 66
144 59
258 29
696 95
808 34
242 25
479 40
321 40
156 98
74 4
539 54
209 37
84 46
826 26
813 74
324 61
129 8
750 23
32 68
583 41
729 8
607 44
198 47
139 78
228 67
641 83
106 76
774 30
37 57
31 48
332 95
529 100
684 95
490 91
747 68
508 23
459 18
93 34
125 28
456 40
179 87
241 36
547 56
343 59
623 19
84 98
512 37
532 45
576 49
489 34
615 23
698 35
373 64
592 24
298 30
344 58
728 95
708 89
557 28
443 98
358 33
267 87
532 93
671 22
374 85
394 47
29 5
552 71
512 74
146 5
387 48
174 89
693 95
588 28
90 9
51 74
282 60
129 27
444 10
233 30
615 37
675 10
430 61
145 9
105 6
716 58
292 55
191 4
534 81
198 75
685 24
320 43
283 20
386 86
647 62
624 63
39 98
446 79
106 15
445 7
181 62
291 89
538 60
111 28
794 4
751 99
517 64
777 79
256 76
735 29
450 97
811 45
734 58
672 8
128 61
799 42
692 68
216 65
318 61
832 46
224 61
536 52
510 18
221 48
620 95
1 45
212 50
662 85
227 80
99 26
80 43
797 82
593 72
624 21
96 32
316 5
39 90
214 82
648 36
485 14
368 50
814 40
57 28
702 72
732 37
370 18
281 74
262 15
114 73
381 10
181 76
630 55
353 82
496 82
282 88
131 99
751 95
122 7
464 34
636 99
569 22
30 82
193 51
146 9
530 40
727 57
392 97
570 75
187 52
700 88
650 77
577 24
345 81
133 15
743 11
416 82
504 19
155 63
441 71
339 79
513 73
446 61
806 91
814 36
261 11
360 10
192 21
515 12
829 73
146 86
57 98
491 67
821 35
605 82
225 10
830 89
16 46
2 26
791 36
774 65
414 93
556 18
464 9
589 66
233 4
13 21
154 9
263 72
611 15
428 33
476 47
497 54
358 27
226 68
173 78
218 87
1 74
242 17
220 12
17 65
153 11
720 74
289 29
300 84
5 85
215 28
531 51
108 67
293 23
774 90
789 94
228 53
834 61
149 45
687 61
766 74
215 26
141 79
588 77
327 31
422 75
260 100
634 48
69 7
625 8
712 63
396 78
270 58
625 44
653 98
386 48
190 35
19 6
676 21
342 35
357 98
482 31
439 39
238 93
427 33
400 59
652 21
161 12
805 26
788 1
43 51
639 23
485 94
708 77
585 18
446 41
126 54
519 65
732 49
104 76
474 80
733 83
381 34
600 16
743 12
654 81
456 25
302 83
425 33
517 96
669 12
278 42
636 91
500 41
216 100
367 2
524 82
827 51
206 60
199 64
624 6
712 2
543 100
103 74
599 1
237 84
360 39
578 81
640 65
233 88
195 55
838 22
570 80
162 50
602 99
19 66
475 19
24 62
369 11
423 62
181 18
351 98
208 66
531 37
325 68
330 45
283 12
288 53
125 100
545 19
824 50
148 84
223 64
686 97
687 68
710 15
595 3
193 51
812 57
600 90
44 86
4 68
270 88
127 77
835 27
229 45
777 49
93 60
173 97
212 97
28 87
130 77
207 98
390 100
84 9
40 50
774 85
41 20
611 16
117 70
312 16
227 83
66 12
703 94
257 70
529 20
38 36
152 100
192 77
128 99
769 89
169 24
563 66
438 64
708 52
30 41
235 7
83 10
803 23
373 40
231 51
815 48
565 33
13 54
798 53
203 84
129 90
42 94
47 98
355 31
195 81
832 53
518 38
77 17
427 55
89 60
154 31
504 91
64 71
278 69
547 94
132 70
431 49
41 86
692 37
43 95
565 59
377 95
621 26
519 90
262 94
483 14
208 47
649 96
153 32
22 97
567 37
776 52
729 100
651 26
288 51
504 27
655 71
127 1
76 11
233 39
30 26
239 32
685 7
243 25
831 64
227 83
145 89
23 30
817 60
484 61
810 92
580 27
194 82
435 12
146 66
665 24
602 67
838 100
576 18
534 58
398 6
75 44
45 35
566 5
720 12
569 99
624 66
587 74
257 27
691 15
568 40
208 46
354 87
636 85
630 83
483 82
763 41
773 48
771 40
650 67
612 55
142 100
266 72
595 66
790 9
394 96
2 93
432 70
330 67
325 8
494 34
705 35
537 42
155 62
61 46
18 69
474 37
1 34
758 48
120 34
430 36
765 84
708 29
799 56
78 5
360 6
493 75
578 67
749 33
15 69
78 91
610 41
203 83
757 11
55 64
506 43
672 57
671 2
465 13
278 72
660 2
475 18
243 82
495 96
104 46
655 30
685 95
25 94
8 42
97 53
202 84
594 98
120 85
540 31
242 95
704 81
484 55
175 22
7 29
701 13
212 41
314 11
824 57
220 10
698 90
461 31
285 77
568 35
642 22
697 33
37 8
226 94
349 80
602 76
84 98
447 29
287 81
205 64
215 22
452 86
149 74
52 22
403 96
646 78
730 58
196 4
40 27
356 25
579 61
286 54
595 22
414 42
146 60
827 46
181 85
363 66
810 60
88 25
661 75
362 49
255 1
684 27
489 61
276 26
218 20
811 93
333 13
628 32
199 38
352 98
695 50
705 59
671 86
247 84
462 25
106 89
67 39
733 91
129 83
327 20
36 11
361 82
828 13
393 55
231 39
135 25
740 51
791 2
226 62
265 86
366 86
336 32
47 34
235 74
168 25
25 35
430 4
56 29
255 28
521 92
449 30
497 40
203 35
232 13
89 82
506 14
214 51
398 51
79 5
762 79
825 69
772 28
126 7
656 47
471 43
302 27
505 70
148 64
330 39
237 5
76 74
790 13
631 42
572 59
408 31
290 76
700 87
62 65
760 48
405 22
529 15
483 31
668 98
688 100
388 58
515 61
725 75
576 89
143 92
547 85
32 3
626 65
424 47
806 60
86 54
9 90
175 21
730 4
131 85
94 77
38 69
573 25
157 31
726 39
706 50
344 84
223 7
369 75
740 80
431 2
721 30
685 70
519 27
347 46
204 90
695 24
285 88
800 76
716 71
776 88
48 14
477 76
609 68
774 70
150 3
315 15
374 69
19 25
371 71
691 10
410 98
37 10
270 23
55 73
329 23
265 64
597 29
712 76
34 18
344 53
251 3
195 37
71 27
529 21
502 34
767 59
304 6
226 53
500 73
209 22
213 4
754 4
376 89
35 63
839 22
387 42
87 56
617 74
131 66
327 62
815 36
411 87
197 85
2 46
28 29
695 42
513 73
254 39
668 66
249 47
564 17
495 100
162 16
58 41
720 46
324 24
339 77
714 82
79 57
433 92
103 48
660 76
386 78
351 19
436 68
703 59
99 90
809 97
583 80
438 27
475 98
780 15
269 64
311 38
452 94
715 73
581 47
112 69
759 35
409 24
4 47
331 72
783 91
17 92
23 36
58 56
321 32
760 23
839 77
85 46
289 5
513 32
8 85
269 82
212 79
148 48
200 75
273 91
808 58
542 77
822 52
236 55
722 99
164 1
521 48
332 15
337 96
465 5
405 8
330 22
351 52
346 48
722 36
522 26
629 66
525 34
463 68
733 39
245 25
25 7
493 37
180 83
820 86
363 17
330 1
69 73
279 44
450 84
41 32
331 88
501 22
529 3
338 56
439 18
418 51
611 20
97 18
111 80
757 6
730 35
614 98
621 20
384 66
661 89
489 48
674 30
380 12
606 74
606 39
779 5
525 75
627 18
525 98
403 11
232 69
291 67
269 68
692 71
219 30
156 83
50 17
532 59
496 51
188 9
739 23
685 44
213 77
229 61
241 52
68 86
399 52
521 31
548 19
678 94
257 10
382 92
168 99
70 42
812 79
469 42
129 33
671 4
659 47
211 2
106 67
472 22
229 29
108 75
653 84
828 84
21 55
805 9
807 51
463 12
133 70
428 70
4 98
451 50
2 79
574 84
220 41
46 77
206 35
706 97
197 82
446 92
364 16
213 40
357 71
835 24
500 35
507 38
452 45
198 37
840 16
100 28
651 59
602 26
736 97
277 18
181 1
278 30
552 75
741 22
310 90
562 67
548 21
712 21
208 86
258 11
284 47
182 44
190 41
38 83
765 88
208 97
311 13
353 41
292 81
606 69
459 60
748 37
723 4
714 32
469 33
186 99
640 60
653 8
500 19
77 100
767 41
738 31
267 61
343 24
328 77
201 3
158 40
228 27
495 65
692 89
142 6
381 42
816 2
91 37
302 97
651 5
747 82
687 82
328 55
98 66
264 79
215 9
100 13
9 49
645 8
618 53
12 57
588 31
266 80
316 28
306 31
415 31
661 98
582 58
136 3
92 41
484 62
635 87
229 84
649 51
24 29
663 27
781 4
251 67
789 52
22 44
745 64
391 76
463 1
830 98
765 16
416 53
566 32
354 81
132 53
658 34
522 43
703 59
587 53
778 62
829 10
297 37
69 25
676 93
431 34
627 77
630 50
449 85
671 39
135 35
753 14
116 74
200 13
247 73
444 50
263 30
718 55
186 85
197 6
211 48
725 79
317 93
588 16
153 88
569 53
371 17
212 36
596 27
320 55
268 47
662 5
724 81
356 27
29 18
109 97
28 2
67 88
319 99
812 63
730 82
681 46
422 80
415 32
587 36
503 55
181 35
701 43
88 11
500 12
423 13
156 68
317 2
556 43
334 7
657 69
8 87
609 39
295 74
679 78
240 52
833 55
127 15
797 93
829 88
703 73
201 93
106 77
69 69
633 85
765 88
575 41
397 45
514 36
686 68
747 33
73 50
54 33
252 27
820 84
337 54
418 40
785 3
496 74
418 99
375 84
721 52
546 28
720 89
1 36
674 77
92 68
44 39
577 50
240 42
201 75
638 85
631 8
230 59
380 98
690 53
750 49
291 86
36 94
545 38
587 65
769 24
740 40
132 14
674 5
765 59
646 35
14 97
567 77
151 69
835 12
756 55
51 63
500 66
199 84
434 33
453 15
735 16
254 37
739 32
278 60
217 45
490 43
373 69
83 73
791 60
819 74
666 62
623 49
766 50
192 30
105 73
536 89
11 100
462 13
123 8
2 99
146 19
469 9
716 95
154 5
538 37
237 67
220 71
103 67
709 30
517 8
414 89
566 97
442 42
40 73
144 28
333 28
587 35
6 42
610 44
338 78
652 10
715 17
670 54
274 20
836 48
714 47
256 30
628 80
412 99
171 30
605 10
197 34
716 69
276 88
253 51
599 50
539 63
815 38
487 28
492 97
837 96
687 30
408 30
766 41
52 78
533 24
348 18
634 99
578 67
779 50
552 27
131 66
474 78
838 43
351 100
98 20
236 22
651 54
595 55
696 9
32 62
727 33
49 45
390 21
441 83
449 21
429 52
682 29
299 57
558 17
664 78
360 4
801 18
114 98
453 12
525 39
556 63
838 100
738 14
250 5
116 86
92 95
704 41
589 43
584 57
70 99
306 44
678 37
227 57
634 76
660 90
687 17
571 54
103 10
579 78
745 56
535 16
654 78
2 21
600 50
114 16
612 20
128 47
214 20
358 49
780 40
813 19
32 94
680 89
90 73
37 41
26 41
415 45
473 53
144 24
514 41
433 69
293 34
328 44
353 23
59 55
365 28
160 55
623 44
35 23
713 76
27 39
52 62
154 29
208 33
689 18
452 83
428 20
259 91
238 41
716 14
429 69
348 7
247 50
706 87
752 2
332 81
79 25
579 76
137 56
806 10
369 83
762 15
243 81
51 99
330 9
497 22
733 35
659 93
761 51
258 82
804 15
819 21
137 90
770 59
591 17
47 84
759 78
671 57
52 59
52 6
824 27
459 26
521 100
337 31
284 62
825 85
569 86
385 28
76 71
318 96
443 3
709 33
365 97
592 9
2 87
368 29
213 32
102 92
301 87
653 83
118 81
391 54
398 87
803 15
596 94
449 60
767 82
291 58
214 1
91 21
265 28
364 33
90 16
124 38
361 98
260 19
702 35
298 4
125 51
491 84
45 97
140 99
324 32
414 28
364 84
210 18
225 10
38 78
458 57
719 37
665 43
671 83
555 21
722 59
639 49
283 68
437 36
199 95
8 65
495 39
315 14
266 76
428 12
248 95
791 80
419 45
599 21
265 39
188 80
633 20
168 32
154 52
130 47
205 28
726 47
674 88
175 92
69 50
89 68
1 86
155 7
226 84
133 41
695 86
237 98
279 11
173 16
11 75
791 52
560 37
707 19
785 26
152 76
387 62
534 75
1 3
730 57
447 56
721 47
524 36
704 23
827 39
769 2
372 12
497 86
535 45
103 98
681 75
586 93
12 7
46 48
839 23
808 50
296 46
143 92
3 93
32 52
23 78
132 99
83 12
357 33
369 36
588 77
232 61
136 9
409 67
718 86
435 11
576 6
797 55
789 90
528 71
236 57
464 1
236 85
467 73
180 14
403 95
226 75
739 70
330 32
71 52
694 68
159 42
712 16
759 97
405 93
77 43
437 58
594 22
812 76
267 48
471 76
140 22
806 42
618 27
355 85
107 55
42 44
780 33
797 20
527 30
159 44
141 35
206 66
400 66
439 36
185 78
522 29
500 40
382 13
424 17
403 80
728 49
393 58
302 11
717 11
518 89
139 7
679 48
222 47
186 91
35 80
576 79
122 20
615 20
58 28
79 87
555 99
490 27
44 25
95 42
612 12
786 47
392 3
261 39
603 73
224 50
359 80
452 66
273 86
325 36
791 79
10 43
52 8
75 20
181 24
437 85
95 41
619 45
464 48
14 70
43 24
385 62
779 79
409 25
86 31
139 47
618 13
320 68
261 50
127 65
825 30
193 2
714 42
421 87
211 42
773 93
433 72
33 64
179 77
242 99
563 36
415 92
664 74
73 69
471 41
366 18
13 39
829 82
249 86
765 84
621 38
118 84
258 34
543 47
422 66
662 72
364 97
393 76
401 81
114 58
206 36
443 56
196 55
485 31
571 95
441 88
63 74
400 42
431 71
709 7
306 73
435 68
426 35
121 23
708 48
710 83
539 68
89 30
723 45
557 67
104 30
625 62
705 54
453 17
498 7
274 70
455 14
591 18
759 21
721 23
756 34
61 47
394 19
427 41
748 63
31 6
419 85
49 85
55 73
40 34
782 41
517 96
663 57
449 56
203 58
205 6
512 52
91 22
151 74
26 79
410 57
407 4
809 31
777 45
696 99
263 55
61 96
698 20
702 55
89 73
28 84
13 90
598 11
361 17
475 83
529 37
642 33
182 94
368 24
625 99
20 9
483 1
204 66
168 44
93 7
381 43
415 32
242 72
374 16
674 21
209 9
106 77
153 69
837 26
379 31
700 41
202 13
723 25
658 23
244 35
72 88
603 17
224 48
754 65
160 40
523 55
148 20
126 9
181 68
786 2
760 75
462 40
88 58
54 24
469 92
781 52
223 28
114 43
20 32
257 50
523 13
785 52
515 47
175 60
767 9
113 88
103 26
760 2
508 73
361 47
492 18
169 11
502 24
294 95
415 10
828 34
256 25
327 63
281 71
156 11
188 59
401 54
444 61
149 50
410 27
695 10
835 32
435 76
554 17
503 85
17 34
187 38
541 3
711 47
188 8
701 75
336 64
30 66
495 83
676 4
555 98
498 10
667 6
830 84
606 79
337 69
483 16
296 22
371 32
139 1
803 31
493 20
441 31
444 32
792 15
2 35
396 91
825 43
534 32
239 52
270 20
750 12
117 6
515 33
816 14
132 61
501 59
379 83
237 1
344 40
394 54
419 15
395 97
562 69
86 76
222 43
401 9
829 20
402 68
216 87
662 75
536 20
122 25
110 30
459 40
204 80
365 76
492 17
72 11
627 6
689 85
693 3
521 38
614 31
793 80
707 88
283 47
817 72
272 50
817 66
123 43
390 21
793 51
715 53
40 1
105 67
131 95
758 78
745 78
504 95
480 9
713 22
357 24
574 97
72 76
627 11
602 81
619 10
699 55
494 74
756 98
244 31
23 55
322 35
765 58
271 100
496 62
109 100
600 59
393 64
350 4
377 42
444 4
77 20
781 16
307 31
280 30
499 92
263 29
792 60
626 62
400 82
351 57
575 61
346 87
90 21
34 94
640 12
811 25
362 27
609 82
340 24
508 22
40 30
705 2
362 53
471 6
330 10
472 7
534 81
337 39
139 100
223 24
318 15
531 13
192 34
428 13
329 83
332 6
142 11
290 60
517 86
762 16
158 88
736 99
464 76
797 42
417 100
457 3
641 53
329 85
401 20
547 31
681 60
436 1
636 94
454 13
230 40
648 66
232 1
759 64
707 70
6 44
130 34
762 12
790 84
169 74
231 96
492 25
235 31
357 11
837 12
310 42
404 14
806 26
814 15
138 60
358 85
717 3
91 32
502 65
782 62
484 15
453 35
215 82
699 7
626 36
299 9
229 17
531 71
668 21
748 75
681 7
440 12
139 14
718 53
49 26
622 39
39 19
752 14
475 92
253 24
776 43
768 28
157 15
813 33
631 8
112 61
195 33
89 30
498 74
450 77
401 89
489 26
87 57
336 37
454 13
130 77
342 17
357 24
477 13
679 8
376 24
176 4
142 65
652 20
626 3
264 83
590 90
374 37
57 80
732 47
236 72
393 66
512 99
367 37
194 8
8 31
512 22
633 4
162 35
319 38
304 44
98 43
746 72
76 89
125 24
556 21
467 66
361 39
781 40
11 94
426 88
831 74
72 98
335 70
128 58
652 9
600 75
188 76
361 59
180 75
471 63
467 75
314 68
455 4
714 94
70 98
801 68
518 6
658 67
343 71
593 15
523 19
451 97
43 25
260 24
103 51
280 78
183 80
618 5
151 6
768 51
648 33
309 65
146 65
85 47
53 20
649 93
8 42
328 100
297 56
17 9
187 67
644 20
738 23
690 70
110 67
347 25
144 84
6 28
335 89
747 87
74 40
321 78
272 61
485 99
244 40
519 82
193 34
598 5
36 44
64 42
5 13
250 81
427 90
627 87
499 94
160 84
726 7
251 2
684 7
486 82
784 36
498 40
534 31
442 2
695 87
822 30
759 13
588 95
240 43
631 77
280 93
20 3
431 75
125 83
600 25
165 92
32 85
515 20
248 77
233 49
276 44
170 8
290 86
490 100
604 20
27 67
736 85
757 75
465 17
610 58
774 98
89 24
263 63
489 43
346 93
660 88
174 68
591 12
784 27
94 5
672 62
245 64
213 48
658 36
15 6
252 27
504 47
40 17
612 1
681 51
19 21
691 95
312 78
488 39
318 53
705 19
290 42
675 44
427 2
85 76
332 5
503 89
804 71
752 38
329 76
286 100
424 41
426 35
574 27
645 93
284 6
392 26
457 41
450 81
225 37
796 82
159 65
526 56
690 22
382 23
86 47
481 2
107 24
140 77
293 48
5 5
163 97
315 29
262 21
710 11
127 68
576 76
84 62
468 98
493 94
317 92
281 57
216 22
618 47
276 98
290 1
590 47
703 77
442 2
666 54
484 64
503 79
452 44
472 34
541 47
308 50
319 26
132 25
122 9
244 1
47 99
240 93
362 69
350 41
517 79
316 33
205 59
310 47
714 70
1 2
488 60
706 74
725 67
458 80
205 15
480 35
317 64
836 96
415 12
727 49
484 90
628 83
647 78
516 20
617 9
597 62
416 63
32 1
186 57
71 5
817 49
409 33
276 98
505 13
365 67
185 20
512 19
93 91
675 74
118 44
751 83
45 1
681 9
550 73
804 50
145 28
558 48
620 84
251 23
219 72
817 20
340 32
726 89
88 3
22 28
67 94
768 39
70 3
682 41
415 90
463 22
101 13
709 78
368 19
347 10
262 78
543 43
607 95
382 76
223 19
607 73
424 83
282 55
150 95
624 17
814 9
572 35
516 26
711 91
478 99
64 46
61 96
481 64
820 29
696 12
688 41
534 3
458 55
72 37
405 100
268 22
1 41
568 94
283 66
193 29
375 69
284 57
211 82
394 4
670 79
581 73
796 31
642 33
657 53
814 62
417 93
470 56
180 77
271 36
299 74
816 26
747 93
376 52
560 76
511 11
691 59
708 62
729 91
85 97
537 75
533 81
556 14
651 5
425 4
374 30
45 27
280 51
302 85
794 69
740 59
312 16
774 87
321 94
23 34
471 70
92 66
791 46
475 3
642 17
258 48
788 47
376 5
555 29
207 27
330 34
86 47
375 54
165 99
45 8
590 41
205 73
814 97
358 21
192 37
255 24
433 68
145 55
766 38
315 53
431 94
16 35
620 36
123 22
443 75
544 71
388 12
681 56
324 82
646 24
251 33
580 16
65 57
191 51
714 5
470 34
49 57
154 45
637 56
221 79
592 87
830 56
2 88
728 91
833 24
724 82
244 7
679 46
688 19
405 93
722 47
713 40
681 73
628 53
131 100
807 32
514 69
324 63
248 90
385 4
498 2
717 2
383 94
136 98
373 76
754 48
770 78
185 88
755 76
756 39
474 92
755 87
774 95
371 46
335 94
207 38
831 54
48 5
239 37
182 19
577 63
774 57
670 30
153 78
810 97
145 64
11 25
378 86
692 83
7 79
220 45
15 71
249 61
317 76
745 94
559 59
373 26
443 60
364 69
558 81
650 1
18 45
16 56
832 2
782 83
736 20
602 25
346 30
371 79
433 11
69 93
734 38
444 65
368 4
818 37
72 45
511 94
156 78
313 45
407 83
156 22
140 7
648 84
98 45
705 83
45 73
46 64
68 11
204 38
198 94
216 83
110 63
275 10
45 61
151 22
326 61
482 14
293 16
299 36
809 17
112 16
503 6
333 5
722 95
80 99
579 5
566 88
660 23
566 48
497 84
171 87
12 67
530 29
224 82
631 30
812 83
598 71
422 91
219 16
816 15
128 52
138 15
561 78
330 80
489 35
219 19
779 47
717 96
277 18
59 22
47 17
701 37
734 96
93 47
79 2
39 56
242 100
384 40
103 64
417 63
630 86
105 94
577 10
673 27
636 39
31 41
439 30
542 98
755 18
448 7
114 17
164 65
478 69
181 15
775 97
561 31
596 7
44 54
191 12
289 93
685 95
275 48
657 15
259 82
114 33
296 85
105 55
172 50
553 20
670 36
286 28
396 44
658 46
156 25
716 49
252 70
246 64
425 60
616 41
436 74
384 45
513 94
295 86
831 79
367 2
618 17
703 60
532 70
403 26
279 57
386 20
675 23
475 92
617 81
318 1
490 50
737 45
568 44
732 36
736 83
718 79
195 40
44 17
676 76
3 100
509 86
456 91
155 28
407 76
105 3
502 99
288 27
656 7
487 99
738 73
223 71
196 56
181 1
101 60
131 80
30 25
470 94
309 86
231 16
203 42
29 69
164 80
75 69
152 98
634 61
724 19
354 23
360 72
641 58
218 28
610 20
673 55
695 26
411 31
324 81
66 84
635 78
173 59
808 64
672 35
607 60
48 76
482 78
336 79
585 55
288 41
13 98
115 92
65 51
24 74
269 38
481 69
321 91
156 90
379 42
38 87
641 69
661 72
314 35
162 71
387 13
372 54
353 58
818 89
693 85
291 74
272 28
797 59
306 90
131 97
195 86
618 50
228 26
305 94
152 75
713 4
474 44
101 41
209 76
366 88
505 66
599 33
594 38
342 10
823 74
556 78
101 20
236 82
645 57
644 73
55 84
469 11
192 74
146 81
85 80
268 55
130 73
492 1
278 92
403 12
804 80
205 72
620 51
540 5
15 30
438 59
212 21
688 26
712 100
194 41
421 44
463 65
723 6
752 89
797 73
227 53
110 45
188 99
761 97
776 29
275 76
126 93
663 3
515 99
72 63
818 89
765 38
381 83
693 41
25 11
833 97
811 41
11 37
482 41
331 73
101 87
330 4
283 27
430 22
266 60
602 11
802 99
316 71
8 84
475 16
461 12
689 71
124 96
81 81
40 11
405 67
551 20
61 2
68 88
716 41
449 81
50 73
379 66
266 69
365 99
185 47
214 43
528 89
99 26
765 71
735 88
258 71
542 76
423 71
449 9
746 64
489 49
566 44
17 43
257 51
619 74
656 45
489 55
464 75
374 22
486 1
280 50
368 8
418 85
419 99
248 59
154 13
270 5
532 31
562 38
641 46
584 66
617 8
606 11
240 12
435 59
86 41
172 69
262 2
112 86
664 93
529 48
485 13
621 19
189 4
121 54
479 32
47 49
242 16
45 14
246 59
625 10
330 52
171 27
635 47
832 45
244 93
748 69
780 54
750 48
329 16
273 93
239 15
408 42
495 69
129 72
273 38
566 12
117 91
8 9
504 91
77 37
811 16
1 72
51 99
721 64
68 35
407 76
520 28
279 77
820 37
5 79
485 99
282 50
437 49
261 72
357 8
315 44
460 26
449 56
634 7
509 5
776 64
355 72
598 1
763 92
66 37
127 19
154 72
584 64
628 61
126 85
212 65
237 70
540 74
766 55
616 44
197 62
752 2
273 78
82 51
41 65
336 85
129 65
58 83
236 90
829 10
583 1
446 96
752 7
643 37
10 55
295 60
281 31
401 75
680 42
407 37
774 24
418 53
527 76
607 65
260 67
147 27
168 67
464 69
305 25
729 78
538 65
311 38
278 22
64 21
444 10
687 16
493 65
542 27
28 47
376 27
51 81
118 84
513 81
535 95
829 80
159 84
118 72
487 46
616 84
137 9
444 31
159 18
102 7
428 42
753 4
777 32
43 9
586 66
791 80
155 9
565 76
174 37
589 94
626 32
769 8
775 88
168 98
273 32
657 89
511 30
333 57
807 98
385 94
474 44
832 96
237 47
217 20
427 76
37 59
567 55
424 49
229 21
668 17
813 70
6 19
540 91
37 38
292 13
511 42
406 54
646 27
188 21
327 89
236 4
658 9
176 67
367 19
435 41
822 43
526 17
418 97
581 34
325 91
245 97
288 56
4 55
139 44
491 7
696 77
260 22
760 96
836 40
726 39
149 27
646 30
333 31
420 9
459 67
360 82
6 68
620 32
754 97
219 58
87 74
168 67
362 94
191 95
2 15
248 25
223 53
515 23
419 49
484 7
678 82
549 50
291 13
110 75
348 4
62 93
591 46
831 28
518 65
637 79
302 84
438 18
437 57
536 30
397 22
349 67
406 61
261 100
717 4
630 72
209 46
688 16
214 95
380 22
109 13
386 71
317 20
194 36
665 3
437 4
257 18
418 50
305 89
364 27
210 79
816 83
774 21
155 63
607 6
521 18
273 55
473 81
598 93
31 94
141 81
569 59
672 8
113 94
451 81
381 57
455 1
543 13
519 36
733 65
703 5
638 43
727 23
66 81
313 73
30 64
92 63
265 42
720 1
4 14
666 60
36 78
152 43
709 37
408 3
355 63
412 38
615 49
689 38
824 48
671 64
687 39
708 87
461 70
416 33
418 89
43 8
691 67
430 50
464 88
254 39
64 1
602 34
196 95
416 71
688 48
405 10
631 12
543 80
324 18
358 99
514 100
230 96
451 81
45 26
609 27
101 100
365 15
384 61
792 48
84 83
364 100
409 44
417 18
43 57
750 59
42 33
661 94
551 54
389 25
457 13
415 33
56 24
12 66
293 76
682 26
198 25
52 3
633 44
112 89
559 83
110 25
257 26
345 93
351 41
769 36
387 23
621 57
473 27
150 26
647 16
370 37
422 4
649 73
542 20
151 47
791 93
222 76
19 88
624 22
234 32
332 94
162 78
193 11
85 32
70 57
370 5
754 76
116 61
342 85
677 68
407 47
130 19
250 62
632 53
204 77
624 32
543 98
802 100
755 31
574 52
323 14
523 58
312 38
602 43
372 9
420 27
836 8
87 55
647 17
620 22
122 9
43 91
13 21
744 23
754 29
474 68
256 97
271 87
89 38
173 72
722 62
230 83
624 75
472 28
393 46
100 35
501 16
500 7
256 23
705 15
643 71
465 57
788 55
543 53
387 31
194 51
434 42
763 94
44 27
573 61
166 25
719 64
275 69
593 17
528 42
616 82
715 9
757 84
600 79
443 73
325 61
607 48
488 75
416 59
382 12
246 32
362 28
792 63
539 65
459 36
693 34
631 77
26 27
653 42
616 13
776 66
49 68
208 33
634 12
23 59
118 7
829 86
500 11
351 46
162 71
87 21
311 61
348 42
824 99
108 73
204 67
493 86
159 85
286 76
226 19
717 73
431 28
17 8
703 98
779 64
28 2
733 98
775 88
700 62
572 5
212 44
507 34
279 83
632 67
325 41
61 28
510 6
746 8
71 25
490 19
351 89
554 65
568 18
254 84
197 91
701 14
749 40
748 67
4 5
598 29
245 33
141 82
130 43
409 32
310 64
783 71
252 35
416 57
69 83
135 35
808 37
96 48
110 36
706 22
9 36
333 19
814 69
823 51
824 88
186 30
174 84
718 51
709 63
18 56
43 99
81 69
158 56
112 79
798 45
442 66
616 56
606 27
556 97
617 77
465 34
208 86
88 100
575 47
210 31
398 93
180 6
695 92
825 30
799 100
468 57
239 7
38 35
766 90
823 80
716 90
665 38
588 83
192 90
229 6
656 16
690 5
609 84
468 55
326 86
470 50
369 50
97 8
722 93
535 83
146 35
209 94
158 98
683 95
674 19
178 10
547 3
193 52
452 94
752 93
815 50
832 88
2 18
262 25
152 58
560 23
281 40
752 47
661 52
818 41
304 51
821 25
390 26
795 6
640 17
18 46
246 2
346 81
142 32
788 13
73 97
702 87
660 53
345 78
663 33
172 42
25 89
742 16
176 87
568 93
419 49
274 92
733 86
55 45
751 92
302 32
685 74
577 46
380 47
777 9
20 70
52 83
628 32
111 94
195 8
115 26
45 73
647 27
213 13
790 5
206 32
57 61
110 13
26 56
604 87
516 24
33 66
22 10
493 32
625 72
124 99
87 98
336 90
380 36
393 90
501 4
293 51
239 97
189 18
506 28
693 92
215 49
26 84
286 81
312 22
5 89
379 45
203 99
104 37
22 7
475 56
625 52
66 59
318 11
145 23
437 59
150 29
651 41
1 1
684 16
81 15
430 52
65 91
126 52
492 7
269 2
360 85
832 39
456 83
325 10
742 23
203 94
744 26
763 32
343 100
29 49
718 36
757 25
249 5
375 27
636 57
292 1
489 27
391 9
152 2
91 50
506 60
169 9
817 10
103 56
273 5
283 36
21 69
42 97
614 65
452 15
193 77
420 67
197 92
616 15
141 89
51 36
509 73
804 15
25 85
193 41
82 3
406 32
196 63
5 74
440 85
681 91
315 66
678 17
624 31
823 51
362 80
49 20
698 68
255 50
422 14
11 49
561 58
302 13
666 79
202 95
615 95
652 33
733 1
610 13
384 50
516 71
527 53
759 54
522 56
592 61
839 46
626 81
734 100
433 38
47 90
452 22
537 34
646 75
402 75
220 43
243 48
782 72
455 22
181 49
429 52
651 47
442 95
166 34
610 77
475 81
770 56
459 62
53 69
2 68
597 19
520 57
288 89
659 36
423 3
7 9
543 28
707 12
837 100
654 15
492 36
462 28
765 54
309 17
649 46
355 42
221 88
93 6
405 32
400 62
575 51
541 33
173 44
601 34
29 5
649 25
361 63
568 48
428 52
820 70
524 19
758 4
681 41
419 39
495 17
140 100
233 45
835 30
247 53
690 85
576 57
345 51
537 49
818 73
747 60
628 3
777 71
510 62
630 54
840 69
479 94
440 12
130 42
450 65
650 35
793 26
53 18
237 6
721 19
682 99
502 32
262 75
648 16
222 59
575 57
592 18
142 7
575 66
300 18
580 22
442 30
605 24
294 96
607 94
720 61
639 72
407 7
651 74
568 50
757 97
437 98
589 96
239 38
759 69
105 37
307 30
747 22
713 83
183 42
536 76
742 46
446 94
212 80
204 64
344 40
519 96
155 76
774 9
643 49
228 70
755 89
813 18
487 93
427 64
656 75
690 56
294 3
732 42
810 56
785 37
313 1
496 29
103 8
465 70
249 46
798 62
280 76
54 23
782 83
470 19
309 100
655 60
469 59
17 58
141 29
160 68
59 48
715 79
61 92
70 30
796 65
262 7
430 13
444 94
834 53
586 92
834 24
111 30
374 96
509 37
311 34
98 72
680 48
467 52
554 42
580 17
630 11
600 28
376 17
671 8
330 63
720 98
33 25
807 40
15 32
424 47
736 65
101 2
243 54
574 60
392 26
459 82
480 23
455 44
105 68
415 60
509 99
377 39
752 17
524 60
563 89
9 86
573 24
788 11
360 94
781 77
126 24
570 39
117 11
387 97
209 55
23 52
837 32
288 14
359 82
391 94
690 65
287 39
216 2
434 87
710 4
795 82
825 45
820 28
617 85
793 1
832 49
761 12
685 57
688 64
97 67
338 67
92 31
617 99
94 93
598 50
544 27
5 55
549 38
610 86
641 18
137 47
81 27
743 41
260 83
44 6
130 76
84 68
482 54
801 30
520 55
38 83
237 89
721 44
558 20
629 55
168 1
757 98
439 1
23 91
695 68
461 93
700 17
687 96
451 32
772 18
387 25
479 97
119 23
758 79
84 27
675 2
306 46
672 73
557 3
809 34
283 43
619 6
488 17
466 72
644 93
132 6
73 81
388 51
431 72
36 36
770 30
17 22
11 16
273 8
253 79
522 46
499 27
473 24
261 62
279 75
122 88
287 73
107 23
626 50
105 90
196 42
468 81
120 85
563 33
826 49
699 76
286 62
375 6
415 67
267 14
797 36
439 43
662 28
159 97
641 8
340 91
404 7
515 84
110 46
17 57
139 86
455 29
167 99
710 26
20 68
640 93
190 58
814 17
707 70
375 99
46 11
717 91
313 4
280 85
249 74
818 5
765 35
155 59
424 65
276 17
729 51
329 44
602 30
51 67
330 36
315 76
683 25
9 6
633 11
673 26
187 22
219 68
266 3
467 40
262 38
488 72
747 52
495 63
279 10
162 56
673 60
480 71
9 69
621 53
29 42
353 88
791 23
102 74
434 77
525 60
460 98
56 54
231 32
470 98
740 48
184 12
605 62
685 28
232 52
502 53
188 47
485 31
745 9
415 41
149 31
269 91
105 76
405 57
253 77
378 83
706 91
294 93
362 35
705 60
782 99
355 32
511 72
177 75
607 3
688 12
496 36
617 81
554 86
226 35
510 65
40 99
38 21
763 91
284 85
404 30
552 86
22 28
149 55
71 87
206 80
796 94
92 88
581 44
81 44
452 4
227 43
339 27
407 17
560 97
10 81
637 51
383 65
65 55
527 81
667 72
47 70
290 25
536 97
460 3
516 28
367 24
11 23
704 7
787 56
394 28
215 12
735 94
606 32
623 66
511 3
751 51
391 14
577 65
307 72
734 20
465 32
406 62
192 22
600 54
799 79
793 57
93 100
766 60
106 65
491 92
122 61
284 40
699 77
490 12
14 56
17 74
779 12
192 84
593 69
694 8
302 57
241 60
403 53
644 55
55 85
386 2
822 77
442 10
740 40
96 31
755 82
65 10
821 93
825 59
473 15
40 54
301 14
246 23
226 89
151 92
117 50
811 40
674 56
578 63
574 52
14 30
371 57
178 59
6 64
494 39
543 25
369 70
737 80
162 97
824 74
96 49
110 6
481 69
185 98
517 66
791 47
839 76
416 11
320 89
267 18
737 41
182 61
731 75
742 100
661 65
1 53
178 92
68 11
595 13
596 39
507 96
495 56
134 85
201 89
213 63
338 24
472 7
406 18
150 82
449 15
226 7
167 34
414 17
198 58
668 45
58 75
591 43
742 84
236 65
140 69
385 49
352 40
348 57
775 12
174 7
586 37
838 42
494 35
224 94
104 30
14 89
310 26
711 94
404 71
346 1
95 81
311 44
255 50
568 11
509 29
410 96
629 81
233 10
741 77
796 9
424 61
713 98
362 56
123 46
235 33
50 8
600 78
262 89
99 36
479 65
637 39
79 28
441 30
332 50
225 88
408 6
666 19
726 98
357 87
601 70
12 89
570 51
465 38
424 30
616 30
603 38
726 2
65 41
641 13
41 52
659 28
779 74
377 82
87 6
663 65
734 70
602 89
836 79
617 39
483 2
790 11
192 13
517 4
203 19
106 12
361 4
815 35
502 2
458 82
169 35
579 29
807 18
497 79
248 80
80 15
836 2
74 19
71 14
41 15
600 31
629 80
222 87
338 5
821 78
285 54
741 37
455 22
456 20
391 5
551 82
302 26
73 34
98 62
203 30
731 71
84 26
161 67
741 92
427 36
465 56
366 86
174 45
776 99
652 54
43 59
598 37
413 3
274 85
210 51
373 89
558 60
325 27
411 16
732 33
577 66
257 52
811 98
157 98
351 27
632 62
242 40
478 48
734 75
450 20
256 51
605 69
224 91
490 78
448 94
142 99
531 82
360 2
382 100
762 33
144 47
135 19
417 38
222 43
235 60
364 19
617 59
673 10
456 53
253 43
381 10
474 11
259 80
299 20
779 86
804 66
31 100
772 27
656 44
163 96
222 28
419 71
252 92
290 67
313 2
814 42
143 16
821 3
54 100
574 88
410 14
762 35
457 12
389 59
681 11
78 44
557 50
790 20
713 94
679 48
372 47
420 28
574 16
810 87
552 100
437 56
235 39
267 15
317 20
418 62
31 59
758 48
767 67
6 12
337 53
638 45
182 5
648 33
320 58
316 2
351 87
274 66
773 38
831 56
671 75
139 56
167 26
717 51
222 73
265 97
370 27
225 54
321 1
668 65
564 62
219 89
303 33
536 85
800 95
496 51
440 59
389 52
473 82
687 8
440 80
660 70
442 15
68 29
192 69
382 79
108 18
173 54
427 17
178 62
766 94
833 81
258 82
650 70
652 56
333 55
350 55
182 65
293 92
541 11
782 81
757 6
443 96
835 10
473 17
265 86
192 100
444 5
776 84
618 72
328 57
690 88
44 21
29 31
106 7
45 76
330 67
358 43
127 83
556 95
716 91
12 23
90 29
585 50
573 59
347 41
272 82
65 65
159 41
15 92
620 46
353 19
117 36
686 18
91 27
403 20
88 80
666 60
276 38
426 81
818 40
700 16
188 14
831 69
421 84
595 94
537 57
475 6
508 87
725 2
571 34
511 14
513 52
439 18
774 75
125 17
110 40
650 79
840 81
390 9
771 27
402 25
23 60
651 70
698 56
36 29
275 20
548 48
679 5
740 77
531 78
277 9
501 4
220 65
338 17
395 37
278 82
413 73
223 76
721 86
125 8
510 57
728 12
168 7
171 72
65 89
462 5
496 55
400 41
407 1
768 50
419 8
335 26
467 42
512 78
350 35
814 33
130 80
268 71
305 53
375 95
372 71
796 92
273 58
186 45
403 28
119 17
662 65
37 20
136 42
656 64
333 32
452 57
70 95
552 36
307 97
624 27
119 22
741 26
602 12
542 85
419 94
455 53
742 61
693 24
795 15
183 67
82 16
629 77
747 32
202 58
577 64
640 91
163 46
31 66
688 65
317 6
391 74
208 43
63 23
184 14
398 65
78 74
465 32
838 96
46 61
183 93
497 54
795 44
282 98
198 48
572 26
67 12
394 31
463 90
209 92
748 84
595 22
9 10
294 15
300 95
182 56
685 99
256 35
187 48
648 31
638 60
753 37
272 15
22 59
468 67
696 25
726 83
297 28
350 70
24 19
25 21
711 61
110 20
224 25
253 76
758 52
771 94
62 84
793 70
347 42
92 98
314 84
45 47
61 40
708 45
310 51
707 27
159 65
484 80
100 90
292 23
88 58
518 56
461 56
38 48
794 57
399 74
526 26
479 100
119 2
141 4
452 10
212 5
6 3
512 100
677 66
771 6
20 37
380 84
697 14
554 86
768 32
77 72
662 21
63 41
587 7
135 92
96 20
149 80
773 24
466 9
312 98
659 39
179 51
429 17
178 67
621 6
59 91
404 7
125 58
813 55
616 11
840 13
506 32
722 53
184 69
102 43
197 34
425 49
715 84
357 55
638 61
498 26
327 88
595 33
836 53
416 5
614 33
78 33
224 81
666 12
202 15
711 75
209 92
205 10
669 16
422 93
563 40
532 8
513 93
817 76
381 59
669 17
470 33
788 24
571 1
561 46
704 77
192 39
734 9
148 49
206 11
540 15
306 12
821 31
414 50
138 95
369 99
688 58
44 75
781 26
515 74
566 50
246 75
463 58
566 84
6 83
107 77
163 50
740 55
269 93
651 83
813 92
532 27
26 68
347 1
375 62
519 67
710 92
463 92
48 49
646 9
423 80
362 75
622 13
496 71
278 63
836 59
543 38
276 87
59 73
345 20
83 95
96 20
541 35
337 100
399 72
764 35
574 36
95 67
93 74
387 99
228 77
358 1
815 67
489 56
699 29
708 71
161 43
209 7
640 25
95 4
32 14
631 44
503 16
404 49
513 65
658 94
407 72
272 95
367 88
362 81
221 83
624 96
283 62
564 22
526 93
175 82
368 37
322 68
67 86
608 67
579 79
406 22
5 64
785 28
277 21
94 27
758 8
88 54
274 44
580 72
469 64
68 2
684 24
439 50
803 25
751 18
251 68
775 37
802 38
788 79
700 20
627 68
1 43
740 57
418 65
735 13
502 15
401 85
694 21
530 59
421 7
24 98
258 79
279 61
456 47
91 80
597 18
224 88
254 21
39 82
810 31
706 85
203 12
195 87
436 31
766 64
782 81
215 2
470 30
839 72
435 47
627 74
345 16
746 59
27 15
655 37
673 38
660 39
431 20
733 88
631 5
294 68
277 15
558 29
300 61
229 94
691 94
218 1
776 58
88 62
802 25
572 25
141 37
685 47
707 90
773 63
411 47
765 24
626 77
267 29
730 9
781 31
650 8
387 83
132 80
147 71
833 69
129 70
345 6
242 49
693 19
292 25
119 20
106 53
34 39
6 16
790 93
736 45
45 2
34 86
424 68
349 77
407 31
530 1
431 65
181 44
718 70
285 5
499 34
512 29
426 35
158 11
715 5
45 80
629 61
735 46
24 79
497 4
642 95
300 68
290 3
632 30
698 77
747 1
555 97
238 28
130 34
745 31
400 84
378 69
265 94
210 44
555 89
54 71
493 14
778 34
513 56
387 57
674 64
21 90
460 32
485 20
244 21
554 15
211 36
702 61
199 85
211 59
742 66
170 50
396 38
8 17
80 13
789 15
40 99
111 54
798 96
655 71
100 92
572 90
598 14
787 44
753 2
761 44
522 87
648 54
650 57
429 38
138 65
221 59
199 47
318 68
624 53
335 9
775 5
42 26
288 4
279 33
234 88
823 38
551 74
409 30
809 21
439 77
197 30
330 4
793 64
342 5
291 72
767 71
240 82
765 55
164 31
814 92
523 67
824 2
682 40
232 81
43 3
44 63
162 59
485 74
669 35
675 29
264 15
787 58
45 74
499 92
473 99
122 74
222 81
267 53
150 86
797 98
202 16
313 71
508 89
610 87
761 96
295 87
324 19
110 9
619 89
713 76
416 10
274 61
411 17
210 37
140 46
533 34
454 33
684 55
602 51
518 89
689 84
384 61
129 2
704 16
247 52
340 35
662 100
208 95
629 78
417 61
806 92
620 56
616 5
545 51
434 68
809 59
625 48
168 94
484 25
399 34
460 39
371 2
496 42
194 68
515 83
543 83
573 8
141 51
219 81
639 9
33 62
18 37
379 76
60 15
228 19
510 20
434 74
624 90
231 24
94 85
545 44
368 3
228 81
664 86
787 31
144 97
585 73
206 79
783 61
497 86
828 14
110 18
657 56
45 61
122 30
813 72
130 65
71 44
170 59
693 83
603 52
557 81
338 57
497 57
320 63
97 10
294 88
417 50
264 19
386 6
712 23
154 51
57 90
348 48
834 9
763 41
156 45
122 20
613 5
665 56
560 44
627 76
708 98
706 32
767 94
731 99
270 6
143 75
708 68
360 75
676 25
236 45
730 52
660 8
612 82
155 75
434 3
196 71
328 95
381 11
578 85
826 86
576 96
684 74
694 6
621 1
103 91
682 7
380 75
451 15
491 35
132 4
535 28
270 41
31 36
43 43
342 48
588 77
145 14
582 2
257 37
796 12
767 7
454 92
579 18
93 57
494 27
129 80
688 83
551 19
528 16
641 18
665 62
753 91
762 87
399 12
631 2
275 73
594 76
759 59
674 6
189 65
315 18
547 15
740 3
91 52
218 55
747 85
256 79
169 17
805 19
104 34
821 51
839 41
100 83
603 62
192 32
578 68
807 96
720 82
12 15
159 6
389 80
45 79
240 11
208 61
646 12
133 78
102 100
25 58
97 36
612 32
31 31
238 58
247 53
69 50
40 18
201 34
711 45
3 46
745 42
556 67
252 12
278 84
708 44
271 88
164 19
205 27
497 59
48 66
613 50
750 91
140 66
592 73
497 67
362 26
790 81
181 68
265 28
707 2
290 87
317 47
804 67
626 79
15 74
343 90
408 2
715 78
582 8
637 89
746 13
390 85
750 16
31 16
144 35
127 52
359 23
22 70
744 51
777 7
67 71
461 72
373 15
526 22
762 90
363 65
729 33
405 41
559 77
644 91
776 24
180 98
125 92
784 45
198 60
575 30
562 17
70 10
708 27
121 91
827 28
509 49
836 98
231 11
473 88
353 55
299 60
432 49
307 76
754 89
68 64
631 49
803 55
765 12
348 59
476 90
580 15
527 39
645 60
4 33
515 58
24 47
469 75
829 65
571 83
308 95
586 53
190 73
785 22
422 14
277 26
398 46
834 41
17 20
367 29
638 71
254 59
482 83
311 94
414 9
231 73
618 12
43 30
179 95
422 35
89 56
5 19
800 42
818 35
827 95
269 7
767 69
634 45
218 45
703 80
789 76
269 21
689 68
102 1
577 75
794 74
364 73
587 34
742 91
213 33
358 17
633 25
210 11
731 49
647 81
649 84
505 28
360 15
240 95
797 40
731 3
85 34
801 97
148 74
685 44
402 4
676 6
95 6
136 38
45 49
352 78
278 13
621 22
828 56
290 47
72 45
581 79
402 84
71 32
271 87
457 68
343 59
752 70
524 75
784 55
575 95
326 24
819 78
88 15
10 99
301 91
404 6
223 38
152 53
557 33
181 67
554 23
549 51
785 72
463 24
476 50
27 40
226 6
54 43
380 45
690 14
86 73
216 21
801 78
517 32
321 67
685 90
679 54
314 1
303 15
437 61
448 29
581 13
191 72
773 97
688 46
593 8
524 38
528 71
556 73
285 63
785 49
421 53
540 95
29 72
400 13
826 72
784 2
142 48
332 84
95 26
367 88
628 7
649 33
463 81
280 19
388 6
755 55
792 91
617 39
211 46
325 33
299 8
60 35
364 18
693 49
336 99
740 31
680 27
274 95
181 63
687 62
390 47
39 51
514 59
248 10
768 67
163 64
696 96
715 35
466 48
767 7
542 29
330 35
530 57
266 70
511 20
46 7
330 64
749 73
107 93
115 22
711 96
78 49
453 22
80 85
179 1
38 30
665 8
594 58
618 81
85 38
513 68
61 100
155 28
505 27
464 54
585 40
580 41
17 24
204 69
290 30
498 72
252 85
403 46
1 86
542 97
71 18
635 37
569 92
444 50
749 59
388 61
20 11
662 19
13 31
733 9
56 10
161 83
563 78
291 49
343 10
717 60
421 62
138 58
497 14
198 70
244 75
716 95
358 43
366 64
431 33
9 45
209 4
211 37
682 40
459 81
326 73
238 56
364 8
86 55
377 79
585 8
446 62
474 37
824 85
638 29
557 49
404 78
143 23
176 19
159 88
606 17
717 73
20 80
622 2
26 24
199 24
11 100
673 16
628 85
248 42
676 60
810 8
327 56
209 95
624 72
171 52
490 8
164 31
666 46
36 15
817 97
590 1
278 38
619 6
426 12
133 56
709 16
294 41
607 47
209 2
557 92
228 95
289 51
103 68
341 75
229 19
443 35
379 92
592 42
620 66
105 11
752 85
17 25
753 78
473 48
447 28
735 25
652 38
391 13
262 54
84 96
286 79
124 85
130 7
721 74
696 15
486 43
443 12
795 95
542 53
40 91
653 17
311 73
99 55
421 20
767 19
68 98
512 77
287 69
499 72
541 29
352 15
151 59
97 70
496 50
571 10
591 96
97 33
688 29
601 95
400 59
384 44
690 90
733 77
377 75
735 99
718 17
730 11
442 58
64 58
784 69
340 12
558 62
45 54
197 2
541 74
503 56
319 79
172 75
166 7
216 75
654 21
144 45
714 56
632 52
532 11
107 17
366 89
72 22
761 59
733 44
207 8
791 24
371 40
45 16
53 53
435 43
240 16
107 16
690 14
326 2
423 68
373 30
311 38
631 62
101 89
380 93
552 32
140 92
523 89
696 48
257 4
699 15
80 33
603 70
749 28
6 21
607 62
105 52
244 19
504 65
755 67
58 81
250 3
104 42
523 59
435 75
571 8
503 41
708 44
587 69
737 7
203 6
717 36
33 27
49 21
14 16
505 67
380 25
466 95
341 29
50 79
549 2
401 69
209 63
837 63
148 89
684 51
424 66
299 23
509 100
2 38
335 15
527 18
302 22
359 52
721 65
443 12
834 14
432 92
692 58
449 49
682 61
504 18
490 35
664 76
70 65
492 46
49 58
104 47
427 1
682 56
773 55
462 77
574 89
498 79
181 63
754 28
282 73
183 86
720 87
523 60
50 72
502 76
623 91
769 42
367 74
380 81
194 69
41 58
286 53
516 91
33 28
324 4
279 43
175 4
153 85
726 90
545 88
216 6
365 28
832 24
27 69
169 12
628 71
122 5
512 77
189 100
286 64
745 43
728 69
10 78
382 13
694 98
818 84
507 48
29 86
645 12
77 28
174 20
200 16
825 82
816 47
172 85
318 54
495 57
745 32
280 46
697 44
381 22
782 100
374 1
151 5
669 25
389 65
647 3
574 80
772 83
178 96
560 27
209 61
444 55
655 98
344 66
403 49
561 62
615 4
434 7
724 50
360 52
734 34
416 63
149 72
191 99
155 43
690 6
382 1
552 99
668 86
120 87
123 24
539 89
277 54
730 48
98 47
212 63
287 91
95 40
262 100
234 68
598 59
493 65
126 9
729 32
780 18
58 11
96 92
29 65
395 22
594 54
284 24
238 83
123 2
128 39
568 31
104 26
827 58
640 66
328 7
587 61
378 25
415 61
413 61
547 75
554 16
811 98
686 23
710 25
68 61
202 22
134 95
544 19
495 34
231 20
281 39
755 96
331 78
198 16
294 81
234 99
384 64
231 56
509 79
836 38
713 86
703 57
632 88
452 41
312 59
455 43
77 30
634 43
582 61
558 45
536 40
464 14
757 97
309 30
47 29
475 85
78 27
489 22
245 57
825 39
472 57
619 43
195 91
237 90
654 54
678 1
574 29
25 9
785 77
798 90
545 42
111 17
554 8
437 43
43 58
145 20
397 83
311 89
815 77
444 41
18 66
61 13
701 22
260 87
278 57
608 21
429 81
462 19
129 8
179 46
685 60
624 43
569 4
576 53
663 88
99 73
564 49
391 12
664 11
259 22
534 90
74 48
373 34
17 57
124 36
417 68
104 35
378 56
738 100
836 23
473 78
495 49
247 88
85 80
177 58
72 95
640 29
280 35
576 69
127 74
68 4
96 53
399 34
359 62
250 11
739 23
218 28
717 100
235 71
247 75
229 30
99 55
183 59
280 28
803 53
310 46
169 92
711 10
465 56
47 32
80 45
127 18
633 98
246 59
266 70
164 26
331 69
339 34
652 39
466 100
707 15
160 93
467 39
164 40
719 25
585 46
136 85
380 71
102 10
229 71
671 89
478 35
414 4
409 1
103 37
420 56
336 57
766 50
233 44
798 100
535 37
415 16
790 84
414 14
313 84
589 32
364 24
564 100
753 28
243 66
480 12
723 25
121 9
623 19
271 97
119 40
542 62
184 37
38 96
351 24
175 49
653 98
617 32
201 64
70 62
428 100
722 25
561 80
254 60
489 51
187 86
419 78
502 90
708 27
524 68
181 95
321 55
323 70
405 82
290 32
605 80
786 19
469 22
492 30
685 77
765 23
562 60
230 39
409 100
439 68
292 61
749 52
261 30
197 22
471 59
606 34
743 38
631 39
553 14
12 29
179 61
653 42
288 89
29 21
818 83
818 72
334 64
445 65
571 98
548 65
309 21
750 21
662 66
636 60
789 100
493 50
606 78
707 91
89 61
630 35
492 78
271 94
142 52
533 8
432 74
195 27
92 29
632 34
463 65
177 87
1 45
101 99
162 25
728 96
797 95
633 44
185 34
334 40
169 49
830 1
802 27
441 19
152 47
804 47
529 52
705 95
62 2
305 97
804 71
95 17
326 24
439 68
333 100
212 4
445 19
489 20
366 36
681 41
570 95
198 78
382 53
722 87
404 71
301 60
805 45
242 53
33 85
485 97
412 100
44 61
749 19
389 94
819 97
280 5
575 73
615 62
70 81
416 69
488 74
397 64
204 54
835 34
72 75
38 46
554 36
724 61
511 7
735 97
714 30
131 93
374 10
424 43
258 93
270 49
9 3
83 42
407 68
757 22
187 18
715 28
444 33
533 49
171 37
173 58
582 73
162 95
451 99
176 50
820 38
523 44
741 15
828 10
648 17
421 35
469 96
559 54
140 70
715 48
43 56
805 97
483 19
430 45
803 45
246 2
399 89
262 80
165 95
631 6
594 86
407 95
738 33
379 85
730 95
139 9
596 51
701 69
103 26
439 48
221 76
272 24
672 28
148 29
375 100
630 5
470 48
757 64
495 62
265 36
15 50
374 39
475 92
622 33
265 66
393 97
308 89
593 1
685 25
384 5
510 75
647 85
315 62
141 1
500 24
616 19
768 45
444 44
832 60
72 37
695 66
652 15
237 84
673 100
671 73
158 27
539 50
209 79
402 91
474 49
106 42
10 47
313 81
254 8
568 64
528 33
182 33
372 31
456 55
66 88
761 79
694 47
5 19
217 100
772 25
795 40
119 93
341 51
680 97
78 1
443 46
17 54
809 27
120 54
544 78
332 87
484 4
818 19
699 3
711 34
605 34
326 57
28 13
722 59
243 74
375 85
737 74
329 69
49 49
823 24
727 42
313 1
30 71
471 1
412 91
827 30
316 85
603 78
109 64
658 22
25 98
201 25
50 49
176 26
166 93
759 59
290 72
225 90
24 50
147 96
712 47
82 35
224 55
754 41
274 25
10 32
113 23
77 46
721 63
134 50
665 60
278 48
652 60
328 6
170 51
708 78
735 1
719 77
137 77
119 60
674 69
42 5
495 57
554 68
348 95
113 100
578 98
57 89
218 35
109 9
557 3
200 95
603 24
689 32
332 1
405 59
399 100
438 80
672 74
4 99
662 24
808 41
572 17
372 5
63 42
172 47
467 39
641 91
453 51
603 54
772 4
627 68
706 55
784 87
450 17
812 41
523 30
408 18
804 27
654 56
518 54
427 73
555 19
106 4
90 66
830 99
124 43
579 68
375 41
391 62
22 61
467 40
215 4
658 37
262 64
593 35
283 37
94 25
161 90
365 52
237 94
538 67
263 6
453 81
538 8
653 22
157 17
541 67
512 83
173 13
472 4
429 51
835 68
836 17
811 33
823 4
562 21
690 2
638 10
215 73
677 38
122 37
37 89
224 61
256 20
391 65
676 50
48 9
601 53
827 77
213 1
465 11
574 10
457 90
799 50
85 61
179 33
366 16
809 23
306 24
507 93
505 90
642 37
420 42
641 99
399 15
784 30
231 98
661 61
820 12
263 9
157 87
798 3
239 24
825 59
791 21
329 82
128 30
173 57
25 5
684 47
525 63
89 5
593 91
762 15
448 6
69 5
599 61
776 33
723 8
830 21
732 18
590 69
124 15
398 68
818 42
413 3
417 23
410 77
521 89
416 24
182 11
557 61
514 49
801 82
360 26
812 65
318 90
419 73
414 90
560 45
517 85
781 96
173 6
684 80
672 16
379 79
303 63
101 62
130 61
252 52
745 57
168 55
824 67
194 35
163 36
269 56
119 93
476 15
553 71
355 49
120 21
45 92
301 30
94 1
316 15
636 73
611 77
839 11
553 1
360 25
708 18
282 11
298 44
627 24
835 99
117 89
515 46
342 63
402 40
584 44
346 55
823 59
654 6
183 38
209 23
351 21
433 34
6 10
822 86
675 57
586 34
46 82
587 77
749 24
131 63
169 17
206 5
289 11
172 59
703 41
787 9
535 29
837 65
720 91
741 80
280 30
420 85
643 27
60 60
620 67
264 28
99 11
225 12
377 84
656 41
787 72
172 12
8 73
558 29
294 62
815 91
158 8
636 85
298 58
751 36
383 31
186 61
701 48
354 91
621 53
94 33
632 11
740 11
590 95
679 47
697 1
822 66
185 52
132 27
512 73
693 22
769 12
391 97
79 1
521 2
211 99
810 83
402 26
541 39
126 84
808 59
342 94
315 39
797 52
259 57
488 25
491 49
126 42
341 37
155 85
750 30
808 47
369 62
532 17
497 89
364 98
791 84
294 86
506 92
520 81
194 55
348 35
448 68
726 19
284 43
701 5
524 30
732 1
554 71
734 17
314 100
611 64
831 54
297 77
202 5
125 45
675 100
802 34
592 14
811 27
684 80
237 89
575 26
336 20
73 77
15 42
528 74
321 98
344 76
137 33
76 21
10 94
213 5
687 38
642 29
322 25
523 5
64 19
114 99
528 53
533 62
71 22
88 41
381 26
832 36
458 22
748 83
729 13
677 56
475 50
790 38
232 95
508 77
807 98
616 37
30 82
506 68
611 30
494 86
675 72
371 9
480 60
590 93
492 58
309 83
566 15
457 52
744 4
644 10
201 86
343 78
835 36
148 13
307 33
131 72
25 76
338 49
807 27
496 44
522 96
450 63
562 69
384 65
609 64
810 46
249 62
760 66
511 81
412 54
414 73
592 78
294 14
413 73
391 88
503 17
60 47
250 15
385 62
308 44
521 20
736 39
597 64
501 3
739 77
402 1
381 27
686 50
797 90
814 75
337 91
796 96
129 41
269 34
784 24
120 62
813 62
752 74
734 65
740 28
671 58
309 27
653 86
420 99
386 8
550 83
462 62
622 36
24 78
255 81
562 47
708 64
119 33
207 80
14 80
838 78
178 32
388 74
182 20
2 33
493 52
427 15
677 48
415 34
734 37
313 34
724 90
30 10
637 16
818 33
182 64
170 60
773 48
788 46
369 78
784 57
279 16
8 10
733 48
298 27
618 34
456 35
530 88
50 67
73 25
429 2
447 38
828 57
279 44
26 56
506 16
807 35
834 7
88 93
713 23
798 28
542 80
57 61
80 20
325 13
100 78
443 84
757 16
476 5
473 59
82 79
170 54
718 88
9 63
474 100
421 80
609 11
131 21
324 13
476 62
218 90
68 5
474 1
480 37
499 19
364 41
144 40
641 25
412 19
245 66
256 8
210 74
73 83
30 49
629 80
551 14
560 46
574 88
403 51
382 55
799 42
670 14
543 26
90 11
731 47
245 47
436 64
284 15
761 4
687 15
822 80
427 94
258 56
422 9
553 57
429 8
557 53
148 77
84 30
541 77
475 57
517 10
810 61
758 31
332 12
742 69
775 29
332 76
353 84
269 45
197 36
545 3
505 39
399 98
418 9
86 49
697 10
39 88
205 69
364 14
15 55
745 26
465 10
180 55
660 27
825 35
641 26
41 11
740 73
585 50
537 55
334 42
462 68
368 89
327 23
816 73
769 55
53 38
365 32
443 88
544 40
574 90
375 68
247 33
429 92
246 72
54 44
245 61
168 2
297 10
721 87
106 79
443 59
835 67
628 10
71 70
646 35
450 12
757 39
46 100
728 5
592 72
256 60
678 55
334 84
11 92
212 11
257 24
158 41
805 35
23 72
804 32
25 62
571 97
218 86
393 38
738 76
267 98
94 85
279 69
401 64
836 47
645 33
59 67
92 58
72 50
313 82
518 8
437 98
216 30
160 55
120 4
76 69
170 2
307 15
133 13
377 58
450 92
152 26
503 76
74 59
658 74
236 30
779 72
457 26
37 90
294 13
438 24
238 49
820 19
446 67
718 49
487 16
312 40
714 88
174 92
253 22
298 72
748 63
590 91
404 36
126 20
321 62
603 24
303 96
161 40
524 86
43 6
259 79
836 37
72 60
37 24
383 48
390 25
33 98
616 56
27 91
791 100
551 70
811 44
477 1
268 96
182 31
605 88
694 25
146 4
472 28
186 32
190 43
173 88
258 99
273 69
491 45
660 41
120 62
265 7
636 46
663 50
22 47
697 49
693 9
367 40
245 97
26 44
289 77
201 35
685 100
284 39
729 34
495 39
299 84
651 54
728 100
276 52
668 38
554 25
494 30
562 14
428 52
624 7
594 92
200 38
184 48
766 89
835 20
122 77
182 6
396 59
327 32
664 29
126 100
730 71
18 62
382 84
236 61
297 86
200 81
627 6
277 17
226 10
762 18
358 53
397 35
214 97
319 36
189 55
33 3
240 73
210 98
99 27
537 49
569 81
73 22
797 3
121 67
204 14
211 16
771 18
561 62
292 26
531 3
483 5
651 50
765 85
248 80
560 42
84 47
555 62
329 85
836 22
293 39
82 31
178 88
56 32
790 4
440 53
384 77
838 11
129 5
223 36
447 22
593 48
814 26
285 17
16 29
836 16
317 39
502 19
840 21
62 44
549 51
60 28
18 23
14 91
232 45
121 31
350 45
572 99
345 98
567 57
501 36
660 47
478 19
477 88
120 98
163 68
752 74
110 54
169 4
588 69
213 69
692 74
606 88
285 39
706 1
21 93
790 40
510 62
61 69
813 88
786 83
653 12
758 80
251 40
694 13
677 11
811 55
296 64
157 84
612 72
614 17
16 95
484 69
54 45
152 17
564 93
168 45
171 52
459 13
551 19
616 1
332 92
276 14
578 46
799 41
514 30
265 41
146 30
839 54
556 79
370 55
570 93
594 70
105 61
725 64
521 1
127 42
525 4
341 38
608 80
777 5
513 28
32 43
741 37
767 2
195 68
602 75
691 62
162 86
441 52
630 95
304 84
561 34
573 50
140 56
161 71
145 62
593 13
187 65
595 15
37 68
671 18
115 9
299 16
158 87
738 76
830 22
525 5
3 1
306 64
29 96
48 57
359 97
272 46
604 27
685 73
671 87
268 4
817 87
273 73
135 56
230 19
357 30
123 8
543 87
25 76
280 66
595 8
132 80
100 85
691 26
55 79
171 86
26 100
760 5
104 74
83 67
727 8
10 67
225 67
300 47
200 18
604 49
772 78
656 86
266 63
697 80
485 1
727 52
151 77
19 17
834 85
176 51
807 55
686 16
411 79
667 87
159 56
212 25
28 18
217 31
165 98
339 58
523 24
512 89
6 45
432 74
110 72
389 94
191 82
737 90
132 29
623 17
782 33
12 2
254 12
23 60
48 42
601 27
264 65
822 46
785 30
387 44
35 68
625 74
158 93
322 37
743 21
342 53
474 37
673 2
230 74
465 79
115 92
219 7
66 24
658 57
712 66
728 52
596 45
687 43
227 63
146 4
482 100
772 46
589 49
696 43
531 43
538 65
736 11
477 22
20 60
818 74
734 39
689 88
49 20
509 8
251 40
293 34
370 69
578 60
761 100
85 18
346 15
807 45
168 62
836 34
766 95
732 8
720 11
188 9
167 1
70 1
136 26
838 64
497 46
142 15
692 88
567 44
134 95
594 71
795 93
475 87
381 46
493 42
43 70
32 84
277 20
115 14
795 88
530 71
77 91
47 57
156 30
553 92
677 6
735 35
533 60
306 99
389 68
204 59
208 55
493 13
149 45
680 15
808 60
618 90
224 87
62 87
190 1
772 56
765 54
22 46
748 68
599 68
526 65
569 36
540 88
719 87
693 78
494 88
808 61
468 82
15 100
569 44
558 22
787 3
108 26
569 54
150 42
468 21
598 17
506 42
273 66
521 45
771 90
194 68
792 100
92 16
500 79
14 80
77 46
42 89
567 26
713 41
48 92
137 42
290 54
91 18
157 27
508 6
556 67
2 32
240 59
216 43
750 71
740 63
491 10
358 42
179 61
9 35
594 29
810 2
318 29
822 15
749 49
213 28
50 30
536 80
241 24
792 81
509 3
514 74
470 58
281 45
467 32
233 15
651 34
534 92
201 51
28 1
248 31
713 49
367 87
729 19
673 34
224 93
801 37
179 35
406 2
828 96
487 32
347 18
153 27
242 50
406 44
388 10
740 29
716 2
443 32
423 46
169 79
480 1
805 26
682 93
731 25
427 62
606 74
154 91
175 95
3 52
591 97
79 32
382 13
535 64
69 63
247 24
439 90
92 12
780 9
304 91
486 39
539 44
710 52
272 92
131 9
770 53
544 68
255 6
739 97
69 40
222 62
176 19
604 49
834 75
580 25
590 45
771 33
392 62
563 98
270 64
513 58
764 76
821 51
809 89
517 10
105 10
163 52
221 25
464 4
69 65
779 78
42 41
727 81
476 30
539 63
216 9
227 80
4 65
191 75
153 45
703 86
557 43
65 31
678 30
642 56
48 37
759 98
148 33
576 81
445 39
261 66
483 58
197 40
448 29
284 13
442 31
174 20
266 60
254 40
351 53
77 26
39 61
181 6
274 38
2 46
656 55
792 80
379 57
28 44
825 94
764 76
187 99
131 72
255 64
68 8
85 84
627 11
748 61
165 34
453 18
704 28
581 22
268 87
547 49
200 58
505 27
49 27
184 51
615 31
494 46
277 79
40 59
431 37
396 49
587 54
93 7
575 32
558 29
482 7
480 73
339 22
89 52
113 26
384 77
793 72
620 96
291 91
572 68
566 46
641 80
420 25
440 14
661 85
131 80
513 86
365 47
446 81
43 98
655 4
376 28
481 22
597 73
401 43
618 84
13 84
130 43
586 56
420 85
344 10
294 48
614 75
681 83
54 48
306 1
602 25
528 100
120 43
386 31
802 19
690 46
132 17
784 77
745 18
185 25
230 75
493 25
693 14
351 40
426 71
99 38
575 73
519 69
416 74
536 88
280 35
247 9
797 95
674 89
791 34
474 27
603 68
47 100
132 13
744 56
258 59
637 75
511 47
84 63
840 61
826 42
389 22
473 83
520 96
496 37
518 57
805 14
299 49
289 54
579 72
538 21
318 95
194 66
373 78
291 69
171 47
309 16
227 16
389 91
717 31
505 88
420 42
592 25
244 64
50 65
437 69
243 28
481 22
784 92
745 4
92 86
284 84
7 97
230 66
340 38
496 17
679 26
623 88
435 12
691 60
587 4
412 35
635 37
702 51
478 86
58 19
690 51
291 29
364 4
704 58
704 13
297 73
662 54
174 86
542 56
17 10
179 88
797 12
71 45
11 67
108 9
425 13
639 37
165 22
805 44
223 54
180 33
793 20
176 12
325 35
767 42
423 44
464 42
96 49
94 51
802 85
140 21
273 21
246 83
333 60
328 59
647 73
64 54
329 57
717 56
748 69
139 65
803 92
705 64
825 51
197 55
537 78
70 90
582 72
659 6
760 32
240 48
434 55
596 69
565 56
198 37
603 38
451 53
566 77
117 23
312 46
300 19
406 9
304 84
95 6
319 44
755 79
528 1
808 55
544 54
64 49
511 18
100 92
117 93
351 2
673 37
782 66
218 100
565 64
761 79
24 7
247 42
767 22
774 48
443 98
173 80
354 53
529 30
281 25
720 23
818 64
746 81
253 90
585 1
481 84
333 39
83 35
150 60
324 68
289 38
100 100
711 7
666 91
554 96
462 86
217 73
617 41
244 89
464 29
82 76
324 92
386 90
304 64
277 47
556 24
657 18
786 56
409 96
591 64
802 18
410 32
754 68
488 4
281 82
114 87
408 86
639 38
412 5
198 28
121 6
373 42
420 66
160 71
672 52
761 61
95 69
207 12
275 76
8 7
329 95
191 58
760 29
300 75
822 20
337 23
465 68
793 53
455 51
672 90
315 67
712 33
454 8
125 15
70 27
113 46
792 74
380 44
33 7
698 96
153 47
81 2
605 7
261 85
11 24
664 8
746 38
807 86
209 25
611 13
136 61
305 18
700 97
729 53
580 48
229 65
136 9
39 60
829 18
577 57
259 31
408 40
550 31
468 96
563 82
318 76
95 40
132 15
290 87
527 70
630 1
162 1
140 10
451 76
337 85
767 75
500 93
130 94
332 81
187 40
834 18
316 41
357 73
497 1
472 94
34 7
558 63
801 48
310 34
358 82
85 47
464 11
766 87
611 17
206 4
775 6
572 35
428 83
156 88
455 26
483 36
742 41
114 14
411 84
766 26
230 19
238 96
139 82
684 70
238 39
812 26
659 58
387 31
613 78
292 69
776 28
563 50
480 6
530 59
21 39
120 20
590 42
472 1
696 2
4 46
30 68
183 95
793 67
62 82
764 86
711 27
156 43
173 17
178 58
307 37
11 32
318 79
141 52
752 27
683 79
216 19
766 82
725 62
36 15
472 41
525 100
331 13
246 90
159 40
151 93
431 52
473 91
803 32
513 67
400 87
274 100
695 79
140 100
283 44
436 74
59 83
673 56
81 5
691 47
639 65
386 52
466 34
613 75
673 15
750 40
344 58
690 9
630 75
12 99
743 63
181 56
492 65
407 8
629 26
47 98
135 10
556 37
349 79
8 47
374 53
331 86
134 79
520 15
261 62
435 3
225 10
196 38
186 78
451 59
627 85
610 65
773 48
103 93
85 27
705 98
45 93
523 96
227 31
506 44
