5000
5 6436 1
45993 939 0
83537 1278 0
20692 1110 0
2251 1712 0
94703 2787 0
44184 1452 0
73948 2201 0
99603 2890 0
16828 2463 0
71394 2712 0
28643 555 0
38023 1345 0
94608 1951 0
58952 1313 0
30266 786 0
18287 1517 0
23670 1648 0
57310 2244 0
19115 2911 0
52860 1601 0
16608 1364 0
60535 2473 0
28088 1267 0
93353 1495 0
36997 1050 0
57106 777 0
70520 2354 0
45551 2911 0
52364 1921 0
31866 2110 0
15580 2379 0
13462 1329 0
25122 1080 0
21499 1768 0
27680 1240 0
46261 1118 0
56814 2214 0
37064 941 0
99869 600 0
64038 1405 0
28689 2858 0
88111 1971 0
78958 2672 0
59657 880 0
14810 673 0
86888 1948 0
93467 1772 0
59274 2361 0
45580 2431 0
37568 1844 0
66089 865 0
83733 562 0
58287 672 0
14289 1043 0
65555 2771 0
65842 1884 0
59140 2126 0
29730 1937 0
53771 718 0
99848 1506 0
71351 1796 0
30021 1926 0
55268 700 0
79918 840 0
54770 958 0
26114 987 0
44853 2385 0
37482 1883 0
13896 1273 0
68361 1265 0
93015 2999 0
11186 1530 0
70540 986 0
77013 1386 0
82274 1327 0
35796 1810 0
32358 725 0
70423 2103 0
33868 1680 0
11785 2395 0
68581 890 0
76032 2760 0
609 2441 0
32463 2442 0
75340 1828 0
45485 2097 0
85106 694 0
82433 1494 0
24213 1359 0
61632 2816 0
7746 2328 0
40982 981 0
56490 2412 0
23095 2490 0
44482 2702 0
4371 1630 0
61589 1597 0
76936 1140 0
11541 1938 0
82859 1854 0
5047 723 0
69894 864 0
99828 1096 0
88814 700 0
93043 2467 0
26088 972 0
6969 646 0
25597 2049 0
75034 1179 0
90441 2918 0
12891 1996 0
22750 2299 0
24454 1611 0
21319 2582 0
43802 2889 0
67696 1592 0
98069 2274 0
92685 719 0
79820 716 0
24226 1164 0
55973 2797 0
44028 1971 0
37244 747 0
85544 2254 0
27871 2012 0
17589 1243 0
59002 1191 0
64375 2106 0
30933 699 0
90390 2908 0
14576 1110 0
45503 2769 0
35726 2315 0
8922 913 1
28175 2205 0
84373 1813 0
21755 1252 0
89279 2594 0
5049 887 0
93005 2855 0
8438 1570 0
88016 2943 0
91927 2688 0
11808 2662 0
17755 651 0
80962 1612 0
86498 1834 0
8806 1186 0
78185 634 0
41456 531 0
15096 1015 0
74249 858 0
8160 1866 0
19847 1832 0
8836 2529 0
72301 713 0
44310 1311 0
10595 1833 0
91245 1973 0
70410 2259 0
19691 922 0
7005 1286 0
81971 569 0
19329 2537 0
38603 1214 0
429 783 0
31161 2801 0
82367 2634 0
62256 2959 0
3952 2502 0
98929 1143 0
90260 947 0
9303 2359 0
11166 2870 0
29920 2045 0
9308 2279 0
12122 972 0
89258 2365 0
62000 606 0
85938 1320 0
52482 2750 0
9012 2115 0
61931 528 0
68515 1726 0
41322 2685 0
72851 607 0
79655 535 0
80002 1718 0
37768 2244 0
41973 2331 0
34391 2611 0
12238 1143 1
65180 2959 0
63548 1340 0
66250 2256 0
26907 2427 0
55966 2120 0
6678 1009 0
61466 1059 0
2204 2253 0
48691 2683 0
9694 619 0
93698 2781 0
78558 2448 0
95489 2138 0
10242 1771 0
37774 1769 0
93753 2054 0
16819 1237 0
23419 1068 0
36394 1478 0
85188 544 0
82134 2238 0
5653 1522 0
30612 2924 0
61342 1066 0
62172 2544 0
98317 2297 0
85972 1836 0
75391 1539 0
43323 2459 0
45503 727 0
59920 2512 0
30361 1544 0
16074 2058 0
5562 506 0
15188 1224 0
74803 2273 0
40062 2896 0
67677 1754 0
99578 1187 0
97000 1981 0
41651 1639 0
73991 510 0
78354 2586 0
56454 1219 0
77015 1324 0
27043 2156 0
83350 777 0
74110 525 0
55631 2002 0
33511 693 0
51223 1783 0
24881 1251 0
90209 2040 0
65305 2329 0
41675 1187 0
5867 2646 0
42130 2358 0
13742 2646 0
79117 1096 0
64051 782 0
62797 2471 0
45274 2858 0
83821 2037 0
99295 2681 0
5505 2821 0
30293 915 0
21698 1844 0
89380 2671 0
54827 1318 0
45328 2342 0
80904 1773 0
57920 2673 0
58001 2084 0
69689 2840 0
45886 637 0
61738 839 0
55118 957 0
65269 1810 0
99268 2373 0
4958 1551 0
70780 1559 0
61198 1381 0
45791 2364 0
589 816 0
4543 2230 0
63649 2564 0
8229 2129 0
32937 652 0
54589 1319 0
32277 2103 0
12330 1413 0
96122 2310 0
80168 2199 0
37053 2647 0
24869 1098 0
38196 2743 0
29608 1949 0
72314 2489 0
37982 1019 0
96293 1474 0
61076 2080 0
28324 887 0
74424 1322 0
15106 1066 0
60812 1945 0
4159 1509 0
97374 1451 0
16132 2600 0
75413 2142 0
8601 1666 0
86362 2316 0
28730 842 0
77488 1248 0
2123 635 0
5054 1519 0
24602 632 0
77008 2303 0
7670 1449 0
8633 1120 0
51080 1815 0
99989 1498 0
97234 2201 0
3330 2532 0
50718 1604 0
48876 2419 0
61936 1372 0
42665 1077 0
17592 2518 0
10249 1690 0
81258 2418 0
41534 1898 0
66274 717 0
592 2019 0
33434 1756 0
27753 2879 0
13650 1933 0
40587 717 0
88771 1365 0
84263 1725 0
47338 752 0
99400 1326 0
36523 920 0
30655 2187 0
83987 1320 0
12914 931 0
49890 1905 0
25754 1824 0
70621 1052 0
80003 2561 0
25544 2223 0
92674 1171 0
76555 2688 0
53120 2618 0
28786 619 0
56251 2711 0
87528 2438 0
7469 2970 0
20042 2840 0
2085 1281 0
54109 895 0
89386 2225 0
98986 786 0
12222 751 0
66960 1639 0
5296 1292 0
19184 2335 0
46692 2916 0
52929 1362 0
22288 2108 0
35295 930 0
78585 531 0
86494 641 0
58832 2961 0
51727 2572 0
51729 1057 0
43102 635 0
46247 2131 0
78222 2422 0
72797 2404 0
53125 2085 0
84511 2423 0
432 841 0
9104 1081 0
76159 2377 0
40590 2041 0
93102 2139 0
32247 2361 0
88518 2922 0
97695 2163 0
55146 1111 0
83911 1846 0
5106 2643 0
81000 1760 0
10605 1186 0
54752 1798 0
97568 2243 0
57207 2390 0
78515 631 0
74812 2632 0
57350 816 0
41389 2787 0
90018 2967 0
99465 1702 0
80668 1368 0
34632 1178 0
72867 2878 0
11563 1812 0
51329 2706 0
6875 1802 0
80530 2480 0
89791 1805 0
21612 2547 0
11366 2660 0
25921 2302 0
8976 1672 0
64279 577 0
43546 1027 0
44192 1228 0
72130 2090 0
343 725 0
14240 1796 0
89436 1867 0
17703 960 0
37314 2442 0
60036 750 0
96807 2828 0
15299 795 0
89190 536 0
13578 523 0
63863 2356 0
95975 1961 0
7789 2355 0
17910 1392 0
148 2652 0
27153 2849 0
74930 1604 0
54362 2655 0
61778 709 0
37868 1971 0
63876 2565 0
16256 1624 0
75232 747 0
6369 2332 0
66784 1204 0
74250 2478 0
73500 545 0
28601 1599 0
72082 1010 0
12135 2662 0
180 684 0
35294 1272 0
34497 537 0
68890 2673 0
69266 2860 0
72933 2897 0
35073 996 0
90300 1242 0
24899 572 0
72392 577 0
50410 1451 0
2710 1460 0
11731 1554 0
21252 1972 0
68600 1867 0
93069 2873 0
13509 1824 0
7406 2138 0
49321 979 0
49682 1221 0
50028 1777 0
11602 2650 0
17239 2755 0
65639 1146 0
70898 2744 0
41015 2021 0
4834 2953 0
90483 2458 0
94916 1964 0
14742 1251 0
67936 2922 0
13252 804 0
17519 839 1
97485 1584 0
3805 2996 0
25239 1611 0
15853 893 0
60677 2411 0
37877 2737 0
23160 1558 0
12552 1091 0
32840 1549 0
75057 2368 0
36116 2269 0
87898 1531 0
13298 2548 0
20998 1996 0
59090 1829 0
46488 2369 0
29875 2369 0
31341 1198 0
21349 2150 0
22136 1673 0
77587 2378 0
84207 2515 0
145 1587 0
77281 1124 0
97424 879 0
28380 1599 0
32 1314 0
75092 2238 0
96746 1627 0
42924 2233 0
7592 2174 0
81918 827 0
31888 1738 0
64314 1655 0
13658 1303 0
15849 2419 0
49842 1982 0
13757 1642 0
72980 557 0
60448 921 0
26734 1570 0
3550 879 0
65063 1443 0
24521 639 0
21613 2960 0
7288 868 0
8084 2140 0
2961 1886 0
22945 1163 0
34918 1898 0
9952 2082 0
17429 2488 0
19864 2008 0
81376 2244 0
34617 1744 0
27802 1070 0
37396 1047 0
12098 1889 0
54119 1363 0
97213 610 0
49658 2090 0
91790 2134 0
75507 1748 0
92269 1413 0
50915 2081 0
85507 1411 0
81100 767 0
41383 2673 0
53386 1392 0
51759 2484 0
93010 1571 0
18895 1695 0
46852 1305 0
75817 821 0
1137 1616 0
36928 2209 0
84238 2367 0
38378 1289 0
25986 2874 0
61515 2449 0
64584 2135 0
10259 2684 0
49301 1799 0
71584 1217 0
17412 839 0
58932 1875 0
64786 2364 0
67728 555 0
39289 2195 0
21844 920 0
729 1109 0
14949 1041 0
72540 1530 0
75915 1932 0
3244 2987 0
20970 2012 0
89745 2268 0
16957 2216 0
68211 2419 0
70449 1709 0
61851 932 0
97015 1693 0
22457 1038 1
84271 606 0
63776 1669 0
98438 1784 0
9089 813 0
50522 1536 0
62818 2010 0
37877 2803 0
53186 616 0
65317 2740 0
59760 2969 0
61513 1540 0
86888 1571 0
85412 541 0
19426 2402 0
61717 1806 0
9128 2174 0
15709 1996 0
20790 2541 0
51547 530 0
48864 1849 0
15426 878 0
1824 927 0
62395 1282 0
72254 1590 0
45887 1229 0
850 2355 0
91339 691 0
80157 1050 0
59064 2808 0
86742 2293 0
43438 830 0
94888 1634 0
96929 538 0
84402 637 0
88110 953 0
41967 1075 0
87926 2354 0
43669 1009 0
87004 2881 0
24585 1290 0
55619 1205 0
31860 969 0
5877 2562 0
23680 782 0
11837 921 0
90373 2621 0
82429 1665 0
60030 2108 0
55665 1772 0
20278 2405 0
16220 819 0
96469 2811 0
94846 631 0
1044 1811 0
68438 1939 0
55331 2640 0
6943 2646 0
59319 1510 0
68555 1791 0
25144 1805 0
68536 1906 0
95795 1120 0
98502 2162 0
75464 965 0
64457 2854 0
47562 1418 0
31694 1940 0
5771 951 0
48222 538 0
17188 1418 0
28576 1665 0
57912 2420 0
36260 2681 0
52410 2568 0
58828 2433 0
44897 1299 0
66265 747 0
18102 2113 0
45465 2717 0
73932 1994 0
66519 1110 0
34675 2581 0
6254 2883 0
49555 582 0
59790 2499 0
40588 2756 0
78462 2306 0
43650 2461 0
9458 1151 0
92 1221 0
35640 1916 0
2706 1130 0
75072 2912 0
58175 1477 0
60417 1684 0
82300 1625 0
75083 757 0
34951 2631 0
65516 547 0
15458 2551 0
16481 2301 0
33612 2153 0
91963 1700 0
52458 2992 0
84213 2960 0
60592 711 0
58030 922 0
17877 2737 0
9554 1736 0
42977 1365 0
79098 688 0
9343 1179 0
3891 1756 0
39959 2676 0
90390 663 0
38388 2777 0
76115 636 0
42350 2539 0
68349 1192 0
39360 2016 0
12754 1264 0
30816 1558 0
88326 2581 0
36228 2473 0
49203 1325 0
32993 1768 0
76003 1308 0
81493 1402 0
502 1868 0
81804 1395 0
84081 934 0
75048 2637 0
27619 759 0
60538 1363 0
19797 2852 0
31831 987 0
65553 664 0
65855 1539 0
32773 710 0
63322 2288 0
64983 1437 0
20890 2364 0
73105 1001 0
25301 2100 0
77385 1832 0
30531 2315 0
7337 632 0
32346 1932 0
69482 802 0
29023 1751 0
19710 1075 0
87049 2031 0
66583 758 0
63731 2766 0
24807 1713 0
95274 2751 0
69773 611 0
82705 1737 0
68989 614 0
5857 918 0
84676 1133 0
17254 1591 0
3433 1261 0
98753 699 0
45926 1532 0
74909 1139 0
24498 742 1
2198 551 0
39604 1303 0
36054 1614 0
41581 1119 0
25779 1721 0
53240 1911 0
4399 2721 0
40557 634 0
99232 2292 0
62075 690 0
54067 553 0
38665 2300 0
25079 2284 0
29931 1387 0
33577 2446 0
96268 2560 0
83586 2082 0
31368 1408 0
73620 2433 0
39486 2107 0
45020 1294 0
39226 904 0
90790 1738 0
30015 683 0
36867 2854 0
82186 1354 0
58576 934 0
80789 2396 0
41729 2805 0
77870 1874 0
2299 2390 0
14346 996 0
46777 1818 0
7302 1049 0
8134 2609 0
47239 1536 0
14967 1650 0
95691 2901 0
43681 1827 0
53843 2640 0
59080 1798 0
20061 671 0
15286 1874 0
40760 2469 0
84382 1980 0
75864 635 0
4055 1329 0
77948 1037 0
10071 2803 0
87498 2460 0
84195 1720 0
58955 971 0
26460 2036 0
7784 2241 0
69472 2741 0
35562 2238 0
73725 617 0
70523 2672 0
21588 1431 0
25902 1795 0
68448 2286 0
59966 1780 0
49168 2168 0
97685 647 0
29376 1301 0
80521 2039 0
46331 525 0
94298 1508 0
59074 2292 0
57211 2093 0
72973 2904 0
65388 541 0
92521 1558 0
70837 1036 0
69379 679 0
89507 2705 0
13582 2960 0
67084 2467 0
29996 1344 1
98610 2046 0
41915 2003 0
72394 1594 0
34965 1297 0
53083 2345 0
5834 1657 0
83993 2326 0
90657 1015 0
50521 901 0
78230 2065 0
49077 1257 0
93805 912 0
83447 1899 0
20726 2809 0
50450 2893 0
31134 1478 0
6003 671 0
64386 2935 0
16879 2797 0
58136 2304 0
74590 1161 0
25681 2924 0
48419 2611 0
20953 2932 0
22536 2320 0
35932 2712 0
44620 608 0
76415 2999 0
61002 2493 0
20225 2161 0
4706 1504 0
60558 2165 0
15481 2435 0
93200 733 0
19304 1686 0
23345 1889 0
24413 1914 0
39272 1315 0
30036 538 0
10395 2913 0
95536 2080 0
64384 1814 0
49118 578 0
92968 2197 0
67571 2212 0
65527 1804 0
70216 1107 0
44588 1709 0
1126 1072 0
99802 1036 0
21716 1290 0
55498 2888 0
83078 1333 0
82492 1973 0
358 1277 0
69088 2320 0
79635 587 0
59918 2947 0
81641 962 0
22506 2433 0
97825 2012 0
95644 2129 0
87701 2859 0
9871 1772 0
46515 2379 0
27301 1368 0
93403 2494 0
2146 2028 0
5152 2693 0
63579 2680 0
69510 1270 0
17947 2176 0
38012 2193 0
47014 659 0
78389 1755 0
86845 955 0
28722 2745 0
52907 2856 0
89266 1781 0
12647 1262 0
88132 2586 0
24712 743 0
14630 2817 0
85626 1750 0
16388 971 0
76338 1000 0
56634 653 0
19048 2385 0
74859 2451 0
26406 1309 0
14289 665 0
48900 1719 0
19608 1753 0
28413 1430 0
64944 2249 0
98266 1095 0
91105 801 0
19596 1879 0
57583 2945 0
54213 2502 0
84039 2594 0
8374 1435 0
1560 1494 0
35649 1103 0
79505 973 0
77374 2682 0
53641 1236 0
55054 1525 0
82995 1062 0
46312 2401 0
5062 2211 0
82894 2678 0
60193 2942 0
14023 2834 0
79011 1733 0
37592 2845 0
68262 1654 0
64586 2415 0
61915 2398 0
19201 1418 0
13223 2458 0
51346 2649 0
66532 1703 0
53831 2944 0
65087 2335 0
91296 2730 0
90041 1977 0
65774 2288 0
99872 1039 0
46270 2887 0
29031 1947 0
54708 2307 0
80655 1396 0
95555 1776 0
10325 834 0
35793 2960 0
4626 1800 0
52154 1096 0
39478 2447 0
9456 1655 0
93670 1481 0
41752 1526 0
54370 1066 0
96455 1538 0
56928 1323 0
41916 2430 0
25303 2996 0
48671 2101 0
12249 2644 0
66041 1248 0
74334 1207 0
64127 929 0
77705 2098 0
9550 1936 0
52849 2937 0
69493 927 0
2484 1329 0
24756 660 0
71671 2694 0
20796 640 0
27886 2776 0
11137 897 0
32731 525 1
43388 1678 0
59985 2569 0
55048 2974 0
81925 2930 0
56992 1544 0
36501 1542 0
98047 1830 0
60529 926 0
23999 1220 0
74326 941 0
21374 1110 0
49579 1919 0
33217 984 0
78443 1569 0
49644 1930 0
16898 2158 0
16670 2502 0
23152 620 0
66939 1323 0
93647 1835 0
48862 891 0
55668 2081 0
74662 1187 0
98186 2163 0
1894 1298 0
77626 2930 0
15965 1494 0
61112 1528 0
89834 2811 0
40357 2811 0
73659 996 0
9162 1594 0
50338 905 0
49791 1560 0
14130 2242 0
70048 1001 0
44215 999 0
34001 1517 0
36333 2558 0
99152 717 0
12855 1970 0
88457 1234 0
4424 950 0
69409 1041 0
90848 2090 0
97115 619 0
99727 2639 0
83086 1680 0
53506 1825 0
21850 877 0
13287 1502 0
77371 980 0
99672 2123 0
65713 1498 0
11972 1848 0
33720 1041 0
51145 1102 0
70148 2756 0
98807 1767 0
26683 2523 0
48170 845 0
15123 1826 0
55690 579 0
12135 2943 0
12111 1251 0
7628 696 0
35163 812 1
60842 2471 0
5828 1739 0
48851 1989 0
61748 2762 0
52786 2373 0
37108 2986 0
51771 1897 0
40104 2464 0
43238 1489 0
6863 2455 0
13804 2185 0
23392 2122 0
28741 2769 0
49281 2160 0
139 2640 0
21280 1550 0
1694 2533 0
25908 2032 0
26579 1573 0
37621 971 1
82294 1738 0
5628 1335 0
55510 1155 0
29347 2709 0
15783 932 0
16617 2065 0
19683 2133 0
60237 2179 0
32577 1358 0
2852 1472 0
5418 2816 0
51794 2172 0
13982 950 0
95177 2661 0
8675 897 0
49620 624 0
97915 1160 0
29629 930 0
30502 528 0
75576 1201 0
5041 782 0
70208 2273 0
63108 2102 0
54598 1160 0
95478 2478 0
20252 1072 0
5950 958 0
94581 2647 0
4246 1481 0
36511 677 0
67844 2429 0
79878 1474 0
23407 2894 0
63772 1242 0
95797 591 0
83768 2850 0
27472 1193 0
48730 739 0
89555 663 0
4117 1441 0
22579 1058 0
63185 2045 0
79369 967 0
57681 1365 0
51481 2171 0
96872 2761 0
84407 904 0
76529 629 0
96739 2449 0
49490 2153 0
47691 2228 0
24697 1646 0
32608 2067 0
50981 1413 0
60985 1641 0
13755 2601 0
69779 2912 0
28341 860 0
19287 2241 0
68192 2591 0
11693 1279 0
8618 1241 0
33807 725 0
98362 1913 0
97258 2405 0
51375 2657 0
85528 2893 0
41438 1163 0
98325 2562 0
17624 2841 0
36409 1098 0
84507 1551 0
97937 1322 0
38685 2289 0
40117 1076 0
81365 2749 0
33756 2997 0
94808 2473 0
29291 1899 0
71191 796 0
21796 889 0
42370 1638 0
10199 2771 0
52888 853 0
29324 1296 0
75483 1972 0
9494 2933 0
35848 933 0
41314 2534 0
76881 651 0
30775 1412 0
46968 1063 0
96510 2296 0
25063 1122 0
76005 1102 0
34451 2118 0
27544 1861 0
92108 2158 0
37910 2153 0
68449 1605 0
68875 1483 0
91625 1459 0
33022 549 0
51779 2864 0
87534 2811 0
88340 2639 0
5408 2058 0
94431 673 0
3683 1455 0
45805 2348 0
94101 1949 0
58739 2806 0
19001 2285 0
39310 2418 0
30006 1962 0
8590 2319 0
67359 1205 0
58257 2371 0
84689 702 0
51857 2224 0
64158 723 0
19194 1906 0
69983 1329 0
41249 2120 0
92071 1951 0
52031 1558 0
99192 1700 0
4250 753 0
84812 1780 0
85427 989 0
67495 1096 0
45510 1220 0
84592 1656 0
72423 2189 0
37140 2745 0
16016 1443 0
27319 2339 0
25004 1423 0
62583 2026 0
73554 1337 0
8970 1935 0
15618 2019 0
69083 1382 0
79890 2948 0
7297 2460 0
26191 1606 0
79158 2153 0
26235 2127 0
89330 675 0
93643 2844 0
26966 522 0
2869 1085 0
16171 1096 0
89284 1213 0
11245 796 0
23609 793 0
20281 1703 0
78025 1768 0
38279 2945 0
53968 1029 0
84644 707 0
39675 966 1
32358 1672 0
27570 639 0
74796 1686 0
9113 939 0
70637 2501 0
97034 1150 0
92298 543 0
79990 2070 0
55305 2475 0
48551 749 0
87940 1187 0
84286 2191 0
6067 2480 0
73313 1581 0
67950 1867 0
23949 1985 0
60600 743 0
63307 596 0
91043 2859 0
23595 1602 0
43868 1078 0
56451 1199 0
13301 1234 0
98526 1495 0
12598 833 0
62659 2406 0
57221 1993 0
25416 2583 0
26639 2129 0
54978 2822 0
39655 1577 0
36434 605 0
51793 2730 0
69812 1798 0
32970 2190 0
55285 882 0
93509 649 0
68004 619 0
51622 2258 0
44467 2228 0
96540 1296 0
52204 1917 0
88506 1229 0
86320 624 0
44472 822 0
82911 2454 0
50490 835 0
18129 1883 0
65337 2636 0
98687 2263 0
8586 1241 0
55731 1353 0
42307 995 0
24634 1143 0
25841 1200 0
99164 1331 0
98718 2523 0
43987 1622 0
61113 1985 0
1576 2926 0
79633 2752 0
29879 2011 0
85020 2108 0
45990 1814 0
83074 1160 0
29693 2288 0
49949 2634 0
71124 645 0
28684 1369 0
17949 906 0
42285 2193 0
39812 1892 0
21923 1074 0
76714 590 0
28406 2868 0
3392 517 0
78193 2120 0
61257 2553 0
83633 660 0
38151 1039 0
35025 1986 0
63708 2840 0
86957 1877 0
39288 944 0
66012 2005 0
29124 1308 0
71469 2348 0
27041 1339 0
61823 650 0
32105 2297 0
76436 1119 0
46196 2481 0
71909 1276 0
98475 2743 0
40360 1605 0
56674 2260 0
24067 2293 0
12428 2807 0
73684 1020 0
76879 2083 0
81598 2111 0
82788 1085 0
54824 2871 0
24344 1889 0
81796 678 0
83190 860 0
18417 2814 0
21293 1089 0
12859 951 0
3734 2162 0
29804 849 0
96258 2342 0
23058 2458 0
14373 1043 0
24982 525 0
1452 2387 0
83548 2612 0
58656 1065 0
41777 2793 0
24271 1753 0
78179 847 0
52817 1875 0
82917 2485 0
89377 2786 0
43533 555 0
21648 1430 0
88900 1376 0
74358 624 0
60003 1912 0
55063 1285 0
71409 1061 0
11978 898 0
46042 2012 0
97037 2673 0
55965 2352 0
21575 2274 0
87480 1583 0
59068 1899 0
25731 2069 0
9305 2208 0
39839 901 0
20031 878 0
2420 789 0
44814 556 0
11331 605 0
59945 719 0
67695 1892 0
50433 1301 0
57544 2963 0
17975 2892 0
27494 2545 0
11644 1989 0
95108 2066 0
32732 1921 0
37323 2017 0
44515 1630 1
52709 1677 0
28482 2075 0
80146 1257 0
70474 748 0
13597 930 0
32566 1456 0
36668 1494 0
504 2638 0
81349 570 0
63826 2004 0
45706 1112 0
24289 2402 0
22404 888 0
53855 1103 0
20173 2299 0
48432 1472 0
65496 1125 0
29129 2678 0
77670 1014 0
95247 2910 0
71780 1298 0
51098 2855 0
85076 1126 0
26712 1028 0
93007 2489 0
92970 2578 0
38917 2704 0
54261 2064 0
26193 502 0
88556 2813 0
89423 1310 0
61731 2149 0
46896 1126 0
34259 2682 0
87934 2714 0
26247 1248 0
75413 2654 0
53559 2936 0
83259 825 0
70010 569 0
99496 2279 0
86206 754 0
19096 2107 0
24046 2532 0
6784 2381 0
7721 2806 0
23452 703 0
98775 810 0
3345 1232 0
68209 2743 0
39269 1246 0
12709 1008 0
76075 1657 0
58178 526 0
57386 2219 0
98109 1376 0
99369 1702 0
90575 2694 0
38921 1317 0
61440 1269 0
86295 2709 0
58086 2976 0
97124 568 0
97073 2881 0
39815 2512 0
48397 2690 0
20349 2667 0
557 1524 0
75554 2655 0
92820 2677 0
1750 2398 0
35863 1943 0
78391 1897 0
10593 1859 0
17428 1950 0
43088 1370 0
44013 2908 0
37071 2930 0
61332 2020 0
71586 541 0
32943 2046 0
19795 926 0
54362 713 0
89236 2174 0
33628 546 0
86616 1585 0
15375 998 0
59864 1907 0
71509 1840 0
72676 1814 0
64803 850 0
45781 2281 0
31646 1038 0
91534 2180 0
50243 2821 0
2625 2765 0
70167 981 0
67256 1143 0
27975 1288 0
66959 515 0
69796 615 0
63099 663 0
63396 2547 0
71744 2102 0
40829 2567 0
32918 1575 0
83914 821 0
67641 1539 0
87005 752 0
42252 891 0
72228 1058 0
15544 2133 0
32969 1518 0
52372 2269 0
79748 2464 0
75736 1255 0
5410 1195 0
34922 2050 0
75129 1972 0
32970 1911 0
10302 1484 0
98808 1259 0
53499 2678 0
87485 872 0
559 1597 0
6777 771 0
76256 1801 0
88030 1496 0
71367 1985 0
81089 897 0
11042 2512 0
1734 1897 0
18430 773 0
75306 860 0
48858 1255 0
66079 2711 0
47901 3000 0
64406 658 0
4750 2754 0
30152 846 0
88629 958 0
82671 2340 0
82488 918 0
48299 2651 0
18549 2210 0
68168 2709 0
25700 649 0
67510 1778 0
65178 1884 0
37556 1016 0
22915 959 0
32665 1548 0
62297 650 0
83784 2411 0
93682 2462 0
82903 2523 0
60994 511 0
87720 1047 0
67597 2144 0
23340 1851 0
36266 1632 0
6866 2270 0
50388 2933 0
28521 2791 0
7447 711 0
60616 2465 0
19916 870 0
94837 1219 0
59857 866 0
4085 540 0
40756 1170 0
82911 1260 0
90241 1075 0
15811 833 0
80954 1952 0
43886 1430 0
56026 673 0
25868 2460 0
97273 2969 0
32054 2398 0
71480 1300 0
69727 2981 0
81176 1602 0
66522 2711 0
43538 580 0
76726 2368 0
56434 561 0
56051 1058 0
25975 2259 0
87158 1409 0
52422 676 0
78798 1200 0
55933 2480 0
24141 581 0
6805 1789 0
5468 1573 0
32854 2794 0
50802 2849 0
6961 1319 0
13693 2255 0
38883 1119 0
68247 718 0
18793 1949 0
36131 2348 0
74650 689 0
69275 2424 0
50498 985 1
4779 2846 0
42399 1700 0
40490 2413 0
3518 1741 0
63735 1882 0
73536 2931 0
3706 1986 0
43804 1540 0
20414 2535 0
73698 1819 0
97790 2972 0
10518 842 0
80539 1513 0
90427 1780 0
5679 949 0
72537 869 0
85038 1108 0
11757 1940 0
3124 926 0
87656 2612 0
81491 2846 0
1826 1360 0
71149 2815 0
73097 515 0
44107 629 0
84817 665 0
23679 1490 0
60296 1555 0
9668 2762 0
56128 1754 0
77986 1540 0
21996 2349 0
22492 840 0
95538 1210 0
3842 2751 0
80027 542 0
38590 653 0
43309 2154 0
96316 1051 0
79184 1231 0
89401 2600 0
33147 2803 0
43162 1843 0
58935 2780 0
1811 2660 0
99946 1217 0
57547 1146 0
28794 2296 0
21379 1540 0
8127 2878 0
92485 2893 0
32560 2343 0
45170 2300 0
26362 2322 0
68067 1790 0
74068 840 0
43102 2473 0
36433 1347 0
30985 795 0
22389 1754 0
27404 562 0
31331 581 0
76113 618 0
5054 2375 0
35019 2815 0
16902 2160 0
74560 2587 0
86194 2189 0
9484 768 0
22106 1701 0
5685 1014 0
63328 1613 0
52640 2818 0
52475 1086 0
42501 926 0
38113 2134 0
72566 1606 0
45375 2976 0
89952 807 0
52904 2477 0
59278 1093 0
14976 2165 0
66440 2029 0
23400 2914 0
91305 618 0
63185 2101 0
3469 788 0
27864 2380 0
98392 765 0
91794 2006 0
83102 1557 0
51474 2157 0
12690 1227 0
44182 2086 0
53405 1139 0
59308 1711 0
57145 1679 0
46285 1375 0
53756 2378 0
58674 632 0
62374 2430 0
16747 1107 0
99453 2069 0
44160 1373 0
30981 2085 0
50969 2982 0
18086 1724 0
75134 2738 0
25472 1288 0
86715 1617 0
87837 2059 0
16259 2977 0
22960 1610 0
83144 608 0
58717 1889 0
40379 2954 0
57678 1541 0
3282 2030 0
32983 2496 0
83840 1703 0
98547 2444 0
32836 2595 0
85596 2803 0
71988 1223 0
28095 2127 0
74109 1849 0
11156 1279 0
6027 2941 0
56901 862 0
21013 596 0
17804 2925 0
54319 1779 0
26544 2537 0
43397 961 0
99708 1219 0
67655 2878 0
40070 2471 0
87783 2254 0
89419 1720 0
95630 1818 0
22303 1283 0
88204 2624 0
50932 1910 0
8284 2750 0
60851 2027 0
51676 1136 0
22679 2963 0
71728 2422 0
74980 2145 0
60076 822 0
63787 2716 0
50384 949 0
10743 917 0
91579 668 0
40316 1216 0
17392 2763 0
74930 1356 0
29582 1429 0
34177 2413 0
53752 742 0
71999 1645 0
95469 2249 0
45714 892 0
21884 2539 0
84905 2899 0
23592 1806 0
31537 2610 0
76020 1786 0
25917 1700 0
19736 2020 0
66160 2585 0
70745 2528 0
93387 820 0
14756 2719 0
96330 1371 0
89266 2394 0
40299 2030 0
89351 1987 0
47755 862 0
63392 956 0
69569 1611 0
72364 1990 0
44751 2899 0
30149 2554 0
24159 892 0
41053 1383 0
10496 2840 0
4669 1807 0
97237 519 0
7741 996 0
78813 2930 0
63274 2887 0
55687 2750 0
43580 860 0
14895 1401 0
85017 2468 0
83308 1344 0
69549 1327 0
217 864 0
2456 2876 0
55483 2248 0
1441 760 0
54914 571 1
68138 1382 0
27578 1434 0
28793 2596 0
75341 2369 0
62970 1933 0
54812 1640 0
93822 2038 0
85205 2817 0
76399 1752 0
59285 751 0
68445 2657 0
4176 1944 0
42028 1002 0
81537 2816 0
30585 1861 0
55717 1156 0
75884 2980 0
84761 2100 0
5384 1744 0
212 2651 0
90136 661 0
62524 2492 0
46765 1104 0
55764 993 0
38131 2424 0
41569 1985 0
61440 2125 0
88492 2194 0
61940 1089 0
78463 540 0
41626 2948 0
33563 2824 0
31586 2165 0
73640 2146 0
8370 2614 0
55622 1440 0
69943 1672 0
33374 2406 0
41017 2408 0
92633 595 0
44462 1269 0
64204 2608 0
1667 1515 0
61794 2217 0
59741 2992 0
49631 1810 0
60674 1882 0
78221 1740 0
84518 2055 0
31967 2393 0
32284 697 0
25539 1788 0
85101 2585 0
32351 944 0
3309 1321 0
98244 2876 0
74387 670 0
65418 1395 0
76057 1061 0
37081 2272 0
49061 1973 0
16742 1300 0
36280 687 0
72135 517 0
14850 2779 0
57903 1475 0
84706 2688 0
80340 2294 0
18621 1696 0
14773 2001 0
9523 2809 0
63015 1340 0
26345 2876 0
9910 1526 0
35662 1918 0
71915 2644 0
72876 1941 0
6543 2691 0
41864 1774 0
16578 1068 0
81099 1641 0
14641 920 0
78664 575 0
82903 823 0
45752 2262 0
90079 1234 0
18091 1214 0
18763 621 0
77886 597 0
63955 735 0
17341 2876 0
90952 2982 0
99172 1855 0
42052 748 0
40591 681 0
43811 1754 0
9616 1516 0
8954 692 0
99193 995 0
12841 537 0
77492 1832 0
13682 1740 0
42868 2637 0
10905 2699 0
1508 1719 0
47162 2411 0
13659 675 0
73265 2536 0
71513 1746 0
74859 550 0
91475 2077 0
35793 1183 0
68838 2385 0
95026 2572 0
6321 2778 0
47086 892 0
32293 764 0
78755 2936 0
43606 697 0
6688 1259 0
45166 1668 0
87490 500 0
96726 2293 0
69318 2689 0
99674 1650 0
53351 1743 0
46047 1168 0
73528 1143 0
65443 658 0
69384 2152 0
67534 2362 0
42864 674 0
60175 2897 0
33471 1484 0
44880 2941 0
17469 2115 0
96211 2632 0
16100 2984 0
919 2141 0
45927 520 0
60267 926 0
30539 1149 0
71200 1430 0
10540 1307 0
17683 1499 0
28554 2007 0
23793 2073 0
12814 1241 0
34906 1348 0
29071 1620 0
26098 1347 0
65425 1854 0
21842 1459 0
3908 1893 0
15288 1173 0
67285 1852 0
30911 2300 0
40983 1899 0
72082 1557 0
49523 1443 0
62199 1342 0
88037 504 0
38422 978 0
42300 2952 0
67840 1596 0
73640 1284 0
61933 2390 0
1874 2967 0
30964 1491 0
75113 2259 0
69985 2651 0
34941 713 0
55382 2993 0
99731 2979 0
60885 2096 0
48351 1364 0
4350 1639 0
17405 619 0
20524 511 0
59898 2121 0
85531 537 0
59824 1956 0
58385 803 0
50365 2086 0
81941 2111 0
11190 563 0
45448 2134 0
10251 1834 0
39922 531 0
71973 2746 0
13720 1944 0
64093 1214 0
67286 1729 0
11679 1168 0
22177 2910 0
97535 1447 0
85523 1130 0
79735 751 0
98807 724 0
86792 2474 0
87913 659 0
24411 1898 0
70057 2835 0
80666 2967 0
50228 2584 0
30878 2116 0
49957 555 0
77486 1286 0
98061 2816 0
3756 1505 0
40009 2102 0
47368 2260 0
552 2671 0
13956 2645 0
3467 1422 0
89320 2082 0
87992 2732 0
18087 2499 0
58499 684 1
45304 2080 0
46408 1924 0
66569 2330 0
32752 1030 0
88143 2748 0
6912 2332 0
2929 2628 0
95272 790 0
49633 909 0
26644 2123 0
29806 2527 0
33607 1362 0
67509 1286 0
26813 1449 0
4280 2046 0
44753 2104 0
2063 1852 0
54606 593 0
99155 575 0
39363 989 0
46932 2873 0
87838 2720 0
93918 2016 0
60199 1252 0
36949 2357 0
3831 1401 0
91531 1203 0
77180 1531 0
76779 723 0
26019 708 0
94701 1275 0
37842 749 0
43495 948 0
68544 1175 0
61603 1205 1
68630 865 0
26259 2747 0
21715 786 0
61571 2164 0
9805 2406 0
53685 1728 0
78247 891 0
61842 2292 0
69678 2606 0
80253 611 0
78623 1943 0
92637 1260 0
30854 2043 0
12000 1771 0
99959 1746 0
3427 829 0
8433 2129 0
96609 2542 0
93504 529 0
39501 556 0
44011 751 0
5609 2335 0
66399 2928 0
96543 2650 0
19430 1378 0
5398 587 0
40686 2049 0
32217 594 0
43188 1721 0
60817 2967 0
25125 1467 0
94523 2864 0
63476 2436 0
70442 1201 0
40037 610 0
8486 2214 0
4136 1329 0
82674 852 0
83021 2102 0
72865 847 0
61941 815 0
29936 1518 0
21279 2656 0
97447 1410 0
81854 2192 0
28099 2978 0
49754 1147 0
24530 1916 0
52037 593 0
21388 607 0
57692 521 0
70002 1941 0
49306 1598 0
98594 2708 0
95362 1005 0
46438 2032 0
43718 1923 0
86962 1029 0
65041 1599 0
79612 2516 0
57341 2554 0
2594 2890 0
73903 1107 0
54487 2170 0
29083 1644 0
13809 2940 0
37690 1779 0
92408 971 0
46488 713 0
39970 1253 0
47242 2857 0
65877 2034 0
88491 1699 0
63727 1696 0
12419 1833 0
63281 2488 0
39429 1142 0
73808 1820 0
58647 2210 0
318 1225 0
79224 2488 0
41548 1775 0
90498 2744 0
99977 2092 0
36074 1947 0
74108 1130 0
52672 2389 0
15069 2339 0
70458 1038 0
1310 1196 0
59355 1936 0
90537 2766 0
38057 1665 0
13775 1337 0
17760 1233 0
37186 2804 0
1091 1268 0
3337 1846 0
60617 2135 0
68039 1008 0
98813 2482 0
27121 1684 0
54949 2111 0
47558 852 0
68566 2438 0
70105 2830 0
20650 761 0
14000 1330 0
2652 725 0
35540 2916 0
50854 2119 0
7546 2076 0
6670 2651 0
57034 2608 0
64815 1151 0
9710 1542 0
81210 2989 0
39493 604 0
44005 1741 0
43718 1426 0
53314 1636 0
5959 1256 0
72121 1768 0
94676 2397 0
16692 2917 0
29472 1961 0
44174 2465 0
6320 1223 0
2915 2341 0
98448 2562 0
68458 2815 0
71524 1420 0
1141 621 0
81325 946 0
36621 2868 0
81110 978 0
57160 1664 0
5522 820 0
24132 2227 0
49882 934 0
40665 1302 0
99036 2781 0
1886 705 0
51497 1433 0
21726 580 0
34530 2520 0
38036 892 0
63863 921 0
74103 1959 0
3590 2155 0
97458 691 0
96187 1177 0
44215 1693 0
6560 938 0
78412 655 0
13302 1262 0
75798 1826 0
4325 951 0
18773 2191 0
57734 936 0
14734 1814 0
62819 1714 0
44740 1774 0
68439 1139 0
11384 1511 0
55483 2189 0
64969 1612 0
89014 2180 0
5225 2446 0
54477 2292 0
44546 1485 0
48672 2516 0
52123 873 0
11843 720 0
68510 2001 0
56718 2283 0
46597 2616 0
3783 2451 0
66500 2470 0
36544 636 0
75207 2524 0
54548 1611 0
29355 1537 0
76914 755 0
79173 1691 0
67724 2502 0
66575 2010 0
5493 716 0
75254 890 0
30489 2941 0
49907 2815 0
22497 2473 0
79652 2607 0
61924 2861 0
31594 2214 0
30582 1271 0
64018 1272 0
273 2208 0
41096 1709 0
76159 1067 0
13552 1328 0
72187 1628 0
59882 2338 0
19707 2014 0
70934 1510 0
14374 1316 0
63121 2537 0
64786 567 0
63917 2880 0
72164 2198 0
88433 1905 0
88901 2280 0
30706 1664 0
96107 2627 0
24220 2793 0
86219 2519 0
13673 1642 0
44831 2907 0
92301 2541 0
60025 890 0
49306 1727 0
2648 1906 0
1547 1393 0
67680 2182 0
13151 1823 0
74630 2057 0
65382 2775 0
66533 2708 0
66737 2084 0
1870 2127 0
68854 1924 0
74742 1313 0
26882 2543 0
27749 1561 0
31165 2317 0
17897 2774 0
58123 1084 0
43055 1030 0
91559 1385 0
92071 2758 0
1034 1021 0
38797 1990 0
63394 1726 0
1084 2188 0
53189 733 0
10509 2677 0
76143 2978 0
92598 728 0
75655 622 0
60399 2403 0
70271 1705 0
94918 2288 0
37519 2035 0
42438 2368 0
2932 1680 0
10879 2909 0
5644 2513 0
37866 959 0
60114 1783 0
67616 1855 0
91226 1461 0
9058 1711 0
68863 959 0
85294 2857 0
78185 2148 0
70118 711 0
60457 2462 0
19346 1207 0
1833 1990 0
31908 537 0
19971 2194 0
88044 1621 0
68508 2554 0
88953 1660 0
63185 1957 0
48602 1885 0
42901 2127 0
56537 1384 0
66535 682 0
64938 615 0
3469 2856 0
60452 1218 0
9326 1672 0
38245 1849 0
58354 1693 0
90250 1515 0
97500 2205 0
39351 1447 0
90817 1855 0
89241 1632 0
99486 2079 0
17292 1800 0
69310 1262 0
33909 2607 0
70177 1353 0
3145 1481 0
21910 2346 0
3345 1474 0
70536 874 0
18725 1169 0
46749 1036 0
67687 1118 1
40082 2753 0
75188 1752 0
95271 2186 0
83426 1298 0
48125 2431 0
35282 2223 0
69059 1369 0
12233 2623 0
70213 1327 0
5255 1727 0
89532 2534 0
96561 2504 0
65736 1521 0
96550 1912 0
18296 2104 0
51953 1147 0
11328 2195 0
16469 609 0
95182 944 0
18232 2898 0
62687 1440 0
72582 1985 0
76902 1751 0
60465 1433 0
7196 733 0
43404 735 0
68962 1151 0
39278 782 0
78824 1020 0
62762 2248 0
28629 772 0
53056 2627 0
62332 2442 0
63032 625 0
48771 1632 0
90458 1830 0
92187 800 0
18471 1239 0
27059 1870 0
96386 2022 0
46721 816 0
59548 1611 0
62930 1636 0
47574 1664 0
33767 3000 0
24645 708 0
4254 2752 0
51940 2314 0
53355 2317 0
93156 1113 0
12065 2978 0
98424 1932 0
29017 2014 0
48439 2574 0
91483 1410 0
19229 1997 0
39411 1172 0
98927 2131 0
72506 809 1
22312 1078 0
12452 2980 0
56293 1485 0
83728 2562 0
26701 2898 0
43323 2596 0
15267 2986 0
14711 1272 0
21036 1625 0
8825 2192 0
57940 2200 0
9982 570 0
12723 1936 0
90610 833 0
83359 2952 0
33705 687 0
93517 2473 0
75611 2236 0
53236 879 0
12300 1189 0
49228 1144 0
48441 2380 0
13543 2148 0
58656 1750 0
36325 2342 0
38814 2986 0
51624 612 0
62201 638 0
51842 1560 0
27541 1994 0
92987 1816 0
90437 2363 0
91093 1247 0
41152 1054 0
74465 1728 0
65497 2285 0
7331 2076 0
42405 554 0
83177 1746 0
17885 2042 0
69641 2239 0
1486 2504 0
13953 2691 0
33451 1141 0
47702 2660 0
75449 1539 0
62309 1953 0
70581 1404 0
10084 1362 0
1168 2706 0
47011 2257 0
31155 2168 0
75252 2417 0
87573 2399 0
94664 2270 0
11639 2253 0
69938 2499 0
92333 1301 0
1633 572 0
46795 1726 0
71191 2317 0
89610 2864 0
92621 800 0
62876 2105 0
73038 516 0
10528 893 0
93803 1452 0
30898 1843 0
25529 545 0
50186 539 0
89026 2195 0
30264 1605 0
55992 2233 0
4221 1567 0
12394 2455 0
50275 1209 0
62819 1876 0
6153 2633 0
28753 2277 0
84829 2283 0
3729 2612 0
63492 1722 0
78897 1347 0
41193 2931 0
40129 1062 0
68543 1554 0
3533 2461 0
22851 692 0
39556 1327 0
27965 2647 0
13950 1212 0
644 1835 0
35599 1237 0
41231 2626 0
212 1735 0
42196 2711 0
38849 679 0
86156 764 0
38936 2649 0
75654 1337 0
19905 2423 0
58046 1376 0
6256 1920 0
82348 2343 0
68539 2451 0
37529 501 0
5961 1624 0
81895 1687 0
27933 503 0
38123 2804 0
50295 2706 0
21872 1971 0
79833 2169 0
52502 1638 0
58077 2299 0
65053 970 0
44466 1085 0
24069 2458 0
23074 2973 0
56614 2195 0
27352 1304 0
8138 1645 0
79572 1835 0
97873 2608 0
82720 866 0
73682 1513 0
47458 1688 0
27829 2431 0
22037 1352 0
343 1357 0
98041 2681 0
53663 2960 0
33501 2066 0
15162 1154 0
5860 2771 0
81020 2564 0
70301 959 0
42117 1189 0
76491 2735 0
49656 1656 0
40043 1761 0
24162 1859 0
87271 670 0
27709 1085 0
83436 1051 0
70745 894 0
49392 1476 0
43536 2803 0
5255 1004 0
12150 752 0
25466 1825 0
51820 2286 0
76840 1955 1
18144 2596 0
12631 2300 0
23920 1807 0
36804 653 0
91437 1658 0
49609 1086 0
83222 685 0
8704 1455 0
96569 1262 0
36271 1692 0
32122 676 0
96908 2614 0
61210 1077 0
61428 1709 0
773 1846 0
5281 1493 0
22649 769 0
1949 661 0
23154 2484 0
64370 1694 0
94117 980 0
64155 2635 0
52494 2112 0
50772 2027 0
6719 1215 0
60229 940 0
51412 839 0
6300 1319 0
7110 897 0
50501 1768 0
46985 2800 0
25621 1752 0
85269 2259 0
25364 1401 0
49916 2192 0
91474 2521 0
33982 2671 0
4311 1753 0
5179 1542 0
7811 733 0
98156 2254 0
93825 1680 0
62906 2616 0
48598 2702 0
62596 811 0
9274 1336 0
52699 1469 0
45487 2086 0
50933 612 0
31039 2967 0
85908 2256 0
38765 2865 0
69221 1287 0
56944 1769 0
24445 882 0
81189 1835 0
40633 2826 0
58752 651 0
74738 2918 0
16117 1263 0
20204 811 0
26639 2889 0
44369 1152 0
8370 737 0
93889 861 0
60947 2911 0
46693 1469 0
45425 1252 0
73841 2199 0
57609 2551 0
36171 1146 0
42091 1289 0
92642 2184 0
83042 908 0
35805 1610 0
17079 2362 0
28988 1113 0
11096 1264 0
12416 1485 0
14050 1115 0
14494 1779 0
68127 762 0
22189 2680 0
3518 2259 0
4019 2750 0
79025 1657 0
95786 2992 0
74978 2737 0
62683 2391 0
2577 2634 0
35141 831 0
60532 510 0
23067 2626 0
2236 2080 0
96997 1803 0
37663 2405 0
57270 504 0
64882 1948 0
76366 1306 0
84542 1469 0
13671 2997 0
27867 1390 0
12072 2929 0
28729 2249 0
87480 1209 0
76823 1590 0
31988 2414 0
74279 2131 0
10033 609 0
803 2103 0
4873 929 0
390 2858 0
9223 1760 0
81916 1092 0
57704 571 0
69765 2365 0
76002 2510 0
14274 2631 0
32209 2157 0
41137 2463 0
29217 2328 0
75455 2845 0
68492 2434 0
45775 2855 0
41294 2520 0
31385 2369 0
91202 738 0
21000 2715 0
17387 2941 0
95274 555 0
35976 2721 0
71384 714 0
953 789 0
1288 858 0
2297 2003 0
85089 2886 0
70259 1389 0
28865 2131 0
61773 2609 0
48183 1020 0
87654 813 0
58141 1051 0
24873 1549 0
73692 931 0
67272 955 0
11155 2091 0
69783 591 0
13724 1656 0
35386 2351 0
37137 1320 0
936 1714 0
62886 1089 0
16663 2109 0
50998 2346 0
48385 1623 0
71705 1905 0
39820 2121 0
41939 2953 0
3205 2188 0
10915 2152 0
8204 2355 0
60509 2125 0
31680 1201 0
51417 526 0
41030 2981 0
11541 1656 0
55656 2042 0
57962 2848 0
53218 2102 0
24362 1344 0
13444 2404 0
88286 2483 0
97013 1596 0
61954 1593 0
16297 2203 0
42655 1652 0
2851 1260 0
85776 2322 0
71339 1774 0
35233 2529 0
87207 1497 0
59673 863 0
93650 995 0
73417 1816 0
77407 2409 0
31863 2793 0
18164 1304 0
29867 1944 0
66300 2233 0
31415 1831 0
94402 1445 0
71907 1792 0
66857 1552 0
49738 1367 0
85839 2841 0
23250 937 0
4648 2230 0
75677 2108 0
72637 561 0
28873 2023 0
74594 1340 0
26444 2226 0
61355 1079 0
73428 1183 0
1826 1036 0
58616 1749 0
5209 1521 0
62095 1780 0
62980 2391 0
7125 2300 0
62619 1859 0
34021 757 0
68544 2327 0
55171 2096 0
79330 729 0
28580 962 0
83197 2057 0
20618 1514 0
48115 2166 0
96636 532 0
39744 629 0
46852 2976 0
68507 1476 0
24332 635 0
67122 2872 0
54802 1973 0
11636 2716 0
77367 2480 0
54375 2113 0
76348 2491 0
37143 1040 0
17325 1548 0
44029 2807 0
77216 1141 0
14135 951 0
59954 1626 0
39805 2511 0
12942 1830 0
60758 2930 0
76443 1502 0
80884 2593 0
99240 2059 0
18380 1838 0
44249 2242 0
82379 862 0
75762 2231 0
15852 2116 0
75053 2543 0
34005 876 0
1655 1937 0
21823 571 0
92879 565 0
99846 1147 0
73504 2425 0
85572 2709 0
83495 1457 0
92633 1473 0
4228 889 0
57758 1985 0
37690 2833 0
44880 2294 0
46763 795 0
97077 578 0
27153 1331 0
79130 2366 0
18501 1091 0
85517 2628 0
47960 790 0
56257 700 0
801 1089 0
9876 1547 0
1067 560 0
73143 688 0
11130 2078 0
41927 541 0
63492 1743 0
59887 1636 0
39849 2808 0
78200 2916 0
35879 1241 0
19013 1441 0
15065 1708 0
73303 1122 0
70652 2502 0
38404 923 0
90643 784 0
72947 2658 0
47407 2663 0
1847 1352 0
12692 2045 0
56614 2477 0
85349 1779 0
81914 2821 0
94996 2859 0
11809 2362 0
69852 2592 0
98754 959 0
9760 2920 0
26918 2237 0
9116 1092 0
91861 1816 0
13449 1172 0
55891 2088 0
33695 2027 0
1340 2305 0
57465 2526 0
4805 937 0
76817 885 0
47187 2369 0
7758 1489 0
18668 2285 0
3898 2925 0
7130 2023 0
69216 2691 0
30132 2842 0
19397 2108 0
48384 1512 0
14916 694 0
7961 2239 0
29923 2791 0
2217 1340 0
33653 1459 0
8931 2733 0
23679 2873 0
11063 1999 0
8501 972 0
7046 1978 0
17653 504 0
26697 2584 0
2588 2763 0
40977 831 0
45320 978 0
99857 1449 0
23335 710 0
10172 1974 0
55723 1619 0
87974 1302 0
45643 1678 0
14717 722 0
51856 999 0
58524 1167 0
79122 2785 0
72573 1915 0
56190 1470 0
61781 559 0
52977 1289 0
78801 1738 0
92736 2178 0
72727 2799 0
35900 1216 0
67737 1541 0
22314 2402 0
76428 2188 0
49284 587 0
58043 1215 0
63613 1576 0
70731 2292 0
28663 1145 0
38286 1795 0
5677 2022 0
2072 2389 0
10710 2559 0
5164 737 0
34772 2305 0
11031 670 0
92031 825 0
12944 948 0
56482 1846 0
23090 715 0
70958 2149 0
72362 922 0
52776 873 0
75574 1470 0
61243 2000 0
6049 774 0
20790 2050 0
25239 1768 0
42468 524 0
53793 2325 0
11294 2015 0
75254 1723 0
33960 1931 0
99665 1501 0
37476 2479 0
23477 1699 0
71968 2571 0
69187 1404 0
56269 815 0
55792 1180 0
53787 798 0
84985 2262 0
82617 1563 1
40608 1534 0
76205 2210 0
93789 2256 0
58939 2048 0
67161 997 0
19800 607 0
19459 2746 0
79773 1321 0
49965 2343 0
48944 2851 0
82947 1503 0
45262 1310 0
82154 2405 0
88422 714 0
71599 2692 0
7158 1730 0
18529 1458 0
18105 1412 0
12364 2004 0
99997 2944 0
41399 1148 0
70677 2116 0
30084 1830 0
75361 2281 0
51219 1912 0
6590 2723 0
10625 1812 0
92967 1302 0
99507 2650 0
67476 924 0
88240 2297 0
32286 2645 0
6251 2291 0
34489 767 0
46784 2679 0
11292 2538 0
85902 2332 0
97871 2085 0
370 926 0
90009 2605 0
70572 2103 0
81057 2311 0
98282 2143 0
63939 848 0
75793 1027 0
88877 1020 0
8013 1164 0
34693 596 0
68441 608 0
49117 2150 0
51260 1124 0
27781 1402 0
26464 1087 0
82008 1849 0
61407 2436 0
92257 1196 0
31771 2468 0
95508 2807 0
1267 2459 0
36335 880 0
20964 1100 0
58037 1753 0
95485 1641 0
64860 1061 0
73417 1640 0
73898 2017 0
32936 2984 0
55899 2502 0
53037 2252 0
4871 2356 0
93126 2942 0
13686 2749 0
25957 2320 0
75052 2775 0
95494 1832 0
15225 729 0
88099 2587 0
30776 2021 0
64446 2275 0
50149 1729 0
88196 934 0
54646 606 0
88854 1173 0
96367 528 0
27883 1120 0
83643 2634 0
65786 2112 0
36959 1884 0
12005 2520 0
3650 2901 0
25965 2440 0
46640 1174 0
25961 2744 0
9301 945 0
91672 2605 0
15559 2257 0
71523 857 0
11546 1708 0
92238 2347 0
46616 876 0
90849 655 0
27313 1507 0
50051 1060 0
81496 1582 0
62463 554 0
46940 1047 0
81611 2461 0
89522 1278 0
76326 2306 0
37205 1300 0
21863 1824 0
60552 2895 0
21340 1308 0
21363 2213 0
37343 2756 0
50147 945 0
69463 1052 0
33922 2043 0
32827 664 0
33368 893 0
39558 2273 0
67294 2239 0
60076 1699 0
46860 2775 0
40936 1927 0
54051 1635 0
61953 580 0
90685 669 0
18865 2701 0
20728 2396 0
59447 2755 0
64955 1167 0
80110 2248 0
19428 1890 0
54172 1396 0
54732 2247 0
47240 2508 0
11472 1297 0
73620 2754 0
221 505 0
30165 1154 0
96160 736 0
96322 2632 0
33423 1931 0
23324 516 0
55906 2684 0
4603 2966 0
12118 590 0
46790 2635 0
62664 2976 0
84886 1429 0
38170 557 0
51756 1578 0
64130 1006 0
46 1363 0
32892 1028 0
22933 1969 0
89885 1397 0
23743 2272 0
94489 2979 0
26211 2502 0
73416 1676 0
91044 1325 0
75839 2812 0
54007 2215 0
85030 1890 0
5770 2653 0
20474 732 0
44163 2358 0
31558 1492 0
36739 1739 0
34415 2694 0
23491 1142 0
54198 1467 0
89405 2875 0
29638 2897 0
98299 1337 0
59646 2355 0
11005 1380 0
67504 1087 0
50423 1609 0
27505 2166 0
66105 2890 0
86889 1068 0
3051 2686 0
42978 1370 0
27468 1018 0
90031 1104 0
66184 2777 0
62037 1710 0
85280 1082 0
50051 2013 0
98171 2579 0
10550 2143 0
19606 1820 0
63727 2446 0
22431 2053 0
40485 626 0
3797 1752 0
68955 1133 0
71189 1219 0
70572 2446 0
34725 2945 0
87215 1425 0
53082 2279 0
91253 1365 0
84457 2389 0
95096 2197 0
47503 919 0
14360 2152 0
64412 2746 0
18340 746 0
7588 2022 0
45165 1266 0
58003 887 0
83227 2282 0
14959 1537 0
76860 1062 0
59041 518 0
54836 2086 0
31553 2263 0
32197 785 0
8127 753 0
15893 993 0
56979 2779 0
51463 1074 0
73156 2110 0
75569 2262 0
96968 1524 0
4720 2580 0
5687 1657 0
62399 2943 0
31610 785 0
36077 2467 0
27127 765 0
73569 1829 0
11467 1195 0
92851 2424 0
86349 1245 0
21144 747 0
18513 2122 0
43742 1793 0
19958 991 0
56445 1073 0
85108 1483 0
76282 2073 0
79848 1591 0
25333 657 0
60080 1911 0
65233 509 0
23057 1536 0
70280 1381 0
42162 723 0
57916 1053 0
87461 1252 0
27341 832 0
66615 1250 0
83425 2706 0
42669 2993 0
98084 1382 0
67698 1281 0
34840 798 0
16902 1614 0
36888 971 0
56529 1186 0
85831 2440 0
28979 1297 0
91250 1485 0
65209 2456 0
71754 1323 0
86801 1600 0
69120 2618 0
15038 1887 0
98891 595 0
95514 2954 0
32068 1517 0
55544 2621 0
56091 2989 0
86175 709 0
12391 1389 0
23289 2031 0
83559 2393 0
13383 1509 0
95217 2702 0
21340 1970 0
64796 632 0
42849 2195 0
75656 2387 0
11033 1990 0
15609 2240 0
74244 2577 0
27180 510 0
7478 2589 0
34021 592 0
29454 2098 0
19665 773 0
96830 1610 0
85313 606 0
32632 1660 0
31249 1316 0
33555 2726 0
3940 2744 0
8357 1560 0
52592 2258 0
29656 2421 0
24242 993 0
1972 2563 0
53841 2664 0
16447 1549 0
57502 1339 0
32595 2221 0
34319 1712 0
4279 1436 0
96902 1370 0
46439 1331 0
25963 1072 0
79697 2528 0
53369 1346 0
97513 2470 0
4271 2139 0
47566 2187 0
40226 2050 0
65289 2797 0
31496 1583 0
10149 872 0
40744 2178 0
69552 2256 0
22615 1398 0
45572 1162 0
48822 866 0
76724 2312 0
27943 2676 0
56267 977 0
72347 2797 0
77582 2259 0
84543 2466 0
71095 2005 0
33765 2330 0
18246 2039 0
68388 2735 0
56833 2048 0
7200 1386 0
29548 2531 0
80146 1127 0
52330 2483 0
80296 1941 0
33272 962 0
25386 2994 0
74424 1337 0
85550 1677 0
87908 1917 0
65082 670 0
81685 2824 0
33329 1396 0
52193 2564 0
74137 939 0
50109 2780 0
25267 1924 0
3750 2319 0
43576 1355 0
66047 2318 0
74304 2419 0
95167 668 0
98302 819 0
35735 696 0
5264 2529 0
12206 1715 0
38597 961 0
68731 1543 0
28054 1471 0
75920 922 0
45188 1484 0
92198 2640 0
26175 2471 0
340 2565 0
25608 1421 0
22244 2221 0
66989 2054 0
88449 2120 0
66012 2177 0
10798 2091 0
95840 2236 0
17797 2988 0
88642 1887 0
84300 2283 0
22364 2847 0
44147 1272 0
42550 2194 0
74612 1090 0
63084 1539 0
73345 740 0
3823 2947 0
65160 2145 0
91711 902 0
26123 648 0
25181 1440 0
86781 1717 0
68619 2876 0
80697 2533 0
49264 1793 0
63835 840 0
77269 2623 0
6246 1174 0
23751 1855 0
6240 1971 0
26652 1578 0
84076 783 0
23726 1972 0
5437 2873 0
39837 1026 0
45539 2830 0
38033 2885 0
88285 1359 1
80439 2311 0
24975 2528 0
92092 977 0
96186 636 0
50940 2255 0
44787 2625 0
87071 1295 0
34999 2710 0
30656 1261 0
22816 1954 0
90467 1639 0
97378 752 0
16547 2330 0
15167 2493 0
2979 2008 0
79452 2304 0
78592 996 0
62058 2980 0
1563 2243 0
83590 1984 0
96616 2168 0
15389 2967 0
58121 1837 0
99705 1372 0
24125 1933 0
41888 1299 0
43518 2841 0
5649 1504 0
4186 2340 0
47594 1357 0
18605 1356 0
39165 1629 0
93451 1238 0
6606 1221 0
3751 2247 0
18129 1897 0
95530 2852 0
8996 2000 0
62222 2568 0
92618 711 0
20908 1640 0
59765 1143 0
41044 1539 0
36360 1364 0
30384 2133 0
86512 800 0
16732 2955 0
26501 2753 0
78261 574 0
27696 2997 0
72404 608 0
13004 2674 0
55755 582 0
28718 711 0
14211 2133 0
22333 1008 0
21191 2258 0
36195 2116 0
29889 1956 0
95626 1464 0
67047 1755 0
26156 2998 0
62984 2687 0
92849 1444 0
23544 2131 0
71786 2787 0
34880 2955 0
49345 2458 0
78105 2559 0
94415 2170 0
70036 1999 0
52323 2604 0
26628 1865 0
47431 1484 0
85593 1650 0
54944 1491 0
4400 1481 0
4607 1000 0
99887 1508 0
29534 2350 0
72025 1894 0
83812 2295 0
27133 509 0
97080 1547 0
89493 1041 0
45722 1080 0
24154 1804 0
65058 2227 0
65150 2812 0
81247 2942 0
42631 2606 0
43900 1309 0
67065 1817 0
36947 2898 0
32218 2255 0
42307 967 0
75557 1710 0
43825 555 0
65634 1335 0
23626 2550 0
55938 2666 0
33604 966 0
65064 1190 0
82243 1583 0
37497 2663 0
24384 720 0
91025 1800 0
21908 2169 0
40988 1739 0
17548 1598 0
7698 1759 0
80147 2516 0
40326 2223 0
64148 1107 0
63469 916 0
85047 981 0
77656 2049 0
90237 2222 0
22294 904 0
46472 2693 0
11905 2633 0
91463 2731 0
81031 688 0
78511 2184 0
97767 688 0
22765 567 0
41793 2011 0
64794 2085 0
63848 1207 0
7459 1021 0
50422 1451 0
30250 2194 0
56865 1095 0
5751 1189 0
44637 1038 0
29694 2298 0
82003 1443 0
86601 2140 0
68249 1072 0
7646 2781 0
37949 2227 0
2382 978 0
19320 1488 0
58116 776 0
16576 2143 0
19096 695 0
99840 638 0
45186 2576 0
45374 2776 0
49167 1059 0
41925 1904 0
52387 540 0
42333 794 0
25628 543 0
20744 674 0
49914 2757 0
9111 1329 0
61817 1141 0
99554 2310 0
56561 1328 0
15794 1387 0
30849 2651 0
83898 2408 0
57982 2576 0
78091 2288 0
97729 968 0
74278 1994 0
8079 2311 0
51218 2107 0
44865 2833 0
27660 1597 0
14761 1104 0
27860 2097 0
85393 712 0
97806 1432 0
63317 1568 0
69808 1368 0
91836 1133 0
79285 2060 0
80523 2273 0
55384 2651 0
8105 2900 0
80490 918 0
42194 2680 0
64631 1934 0
94316 2006 0
78899 1947 0
39265 2517 0
96078 1470 0
70734 652 0
33241 529 0
79962 1715 0
76931 2165 0
32509 2768 0
77000 2653 0
51728 1571 0
78684 703 0
92138 2761 0
81943 899 0
59350 1165 0
3585 1696 0
25975 528 0
9907 905 0
58492 1455 0
60039 2298 0
76945 1306 0
75722 1651 0
92503 1040 0
85556 1458 0
20499 989 0
95153 583 0
52253 989 0
34056 956 0
99613 1539 0
11797 918 0
34706 2805 0
37135 2520 0
79811 829 0
57095 1665 0
71760 2991 0
31680 1356 0
6821 675 0
5641 1111 0
1147 1328 0
65403 1798 0
82348 2481 0
11094 1337 0
47723 2494 0
5934 1405 0
77983 2300 0
95043 820 0
90994 1859 0
55500 1183 0
93897 1195 0
67984 1124 0
1730 1623 0
96927 2557 0
2648 2476 0
24998 1350 0
44552 2445 0
86062 1712 0
82366 544 0
28862 2808 0
67684 2199 0
92895 1723 0
9392 539 0
97614 2033 0
40886 1160 0
90297 1403 0
60747 1616 0
62701 1267 0
14894 2014 0
87719 1980 0
32001 1217 0
51432 1846 0
13058 1323 0
68973 1984 0
42061 1666 0
83381 888 0
72403 874 0
89176 1219 0
20209 815 0
81234 1277 0
49967 2595 0
35566 1339 0
8504 1203 0
49114 915 0
92036 2033 0
88379 2609 0
93451 711 1
65151 1263 0
66327 2657 0
60482 1649 0
72789 1326 0
51907 2591 0
59519 559 0
92424 2136 0
73737 1536 0
2794 2436 0
44365 1443 0
40507 2792 0
57462 2695 0
48962 1762 0
55126 1212 0
78648 734 0
76528 812 0
17031 2499 0
84702 872 0
75083 1678 0
26146 1566 0
39782 2762 0
56237 1184 0
90417 645 0
61746 821 0
19905 1170 0
57406 2193 0
39129 1916 0
75451 1731 0
19411 2143 0
45624 1147 0
64260 1015 0
99977 784 0
29611 751 0
27352 1986 0
35055 2197 0
21181 2714 0
90284 1067 0
36225 2697 0
43000 2092 0
18826 2598 0
11545 1163 0
11608 551 0
41282 2091 0
97672 2633 0
16684 1098 0
76369 2828 0
16096 1957 0
77922 1886 0
68820 702 0
80270 1031 0
90302 2731 0
13741 946 0
22364 1667 0
79038 1632 0
92002 560 0
37455 2333 0
49125 2807 0
96837 1778 0
74598 975 0
44381 2375 0
54633 2148 0
10350 1596 0
31670 2508 0
42568 528 0
12863 2061 0
55748 1184 0
95101 2331 0
56643 1530 0
27018 1473 0
90224 2446 0
51909 2445 0
54297 2925 0
61540 900 0
55850 2354 0
38789 2887 0
14952 2670 0
83791 2977 0
62041 2774 0
59064 2425 0
11633 741 0
38709 2812 0
7624 2008 0
90372 1837 0
2904 691 0
76691 721 0
35686 614 0
39431 689 0
548 538 0
12865 2716 0
82324 2565 0
55081 1664 0
96313 617 0
25106 1390 0
64261 1330 0
71039 2504 0
69677 2681 0
41791 1709 0
17749 1434 0
70655 731 0
41183 718 0
7722 2879 0
65624 1740 0
86861 1657 0
38970 1630 0
9764 2356 0
33807 1610 0
19839 2837 0
89126 1428 0
44855 2065 0
26455 1992 0
92103 1635 0
57375 2031 0
69249 2472 0
41136 1111 0
11712 1233 0
3196 1702 0
48148 2766 0
76337 2262 0
63689 544 0
12571 1799 0
48770 2004 0
97913 846 0
53553 1689 0
1870 2815 0
21258 1883 0
55371 1818 0
13440 2714 0
17754 716 0
14707 2887 0
383 2410 0
93624 787 0
2843 1493 0
22328 1421 0
23360 1383 0
34772 1513 0
91667 693 0
57374 1743 0
69229 1818 0
3410 1723 0
47495 591 0
80421 2507 0
99968 756 0
96745 768 1
37019 1706 0
18504 2382 0
23535 1724 0
64975 1142 0
78591 765 0
66749 1806 0
12932 2043 0
27032 721 0
66081 806 0
49968 2957 0
74885 1612 0
45494 2543 0
13450 2643 0
89582 2713 0
50552 2043 0
27899 1354 0
25715 1171 0
77427 2095 0
39242 2177 0
34159 2667 0
4276 2155 0
65915 1472 0
53545 2066 0
67955 1267 0
68871 2510 0
30464 2482 0
69043 2705 0
13639 1236 0
89948 2419 0
36021 692 0
72073 1481 0
40372 1331 0
73024 676 0
29637 513 0
35774 1186 0
33419 818 0
207 1477 0
42983 1047 0
66136 1872 0
71774 1723 0
55968 2583 0
50021 515 0
14762 2617 0
24247 1814 0
11246 855 0
64227 2389 0
98285 1510 0
53653 2008 0
6518 825 0
71931 1168 0
29092 1835 0
89570 1287 0
28149 2500 0
97585 2150 0
24763 1569 0
20868 1675 0
82881 505 0
84493 1157 0
65202 1215 0
58725 1145 0
39835 1012 0
68518 2290 0
9872 662 0
83716 1461 0
7516 1754 0
86044 774 0
10183 780 0
26533 2382 0
15520 1668 0
46557 1109 0
69471 2464 0
47801 1029 0
21309 1882 0
67261 2980 0
90303 2068 0
71884 2963 0
59662 2742 0
80355 783 0
20260 1720 0
91290 629 0
37948 2686 0
78515 2310 0
74215 1276 0
60238 2907 0
95207 2022 0
64691 2171 0
83522 1052 0
89021 2538 0
12262 1403 0
94167 2121 0
52859 1292 0
70296 2187 0
47735 798 0
57323 1385 0
28296 2822 0
42221 2063 0
32883 2804 0
60091 907 0
1174 1480 0
79851 1089 0
95359 2947 0
35280 1497 0
36529 2389 0
86805 1681 0
16777 649 0
53770 2746 0
60704 2829 0
72117 539 0
83016 2776 0
34580 2301 0
21075 1885 0
97676 2505 0
86070 2451 0
95502 1861 0
29099 802 0
6801 988 0
36660 2664 0
31688 571 0
48686 789 0
64345 1992 0
56896 1702 0
95759 2450 0
83304 1866 0
24918 1380 0
74387 1420 0
83286 2614 0
30171 1572 0
12271 1576 0
86732 2227 0
17089 1527 0
36485 2831 0
34560 962 0
39541 586 0
27490 2269 0
20697 1206 0
9261 2678 0
99773 2286 0
70365 605 0
93394 1150 0
75457 2662 0
10206 2939 0
93927 1660 0
11119 1481 0
31516 2059 0
83166 643 0
16041 770 0
95257 2680 0
41271 1460 0
83320 2487 0
88060 1866 0
73187 2238 0
73259 2141 0
2123 2787 0
79382 1394 0
72938 894 0
69967 1135 0
20678 2787 0
93979 1951 0
76744 543 0
71337 2695 0
98098 730 0
83000 1801 0
42259 1998 0
11108 1076 0
57877 1191 0
51569 806 0
39880 2120 0
81720 1083 0
66516 1137 0
60320 2083 0
18210 2564 0
53373 2640 0
68792 2112 0
16720 2714 0
1124 895 0
38550 848 0
71460 1402 0
5954 526 0
26660 2119 0
94739 501 0
85577 1380 0
61171 1626 0
75211 2196 0
69460 778 0
73513 2364 0
52532 2182 0
45243 2773 0
7610 2708 0
26672 1793 0
46567 1103 0
71686 2539 0
2443 2036 0
80138 851 0
97645 546 0
88327 537 0
43227 913 0
6876 983 0
27517 2787 0
66447 722 0
89626 2418 0
72333 774 0
1831 943 0
18889 1961 0
61244 1851 0
41307 2278 0
65174 2562 0
97307 957 0
28907 919 0
76538 1161 0
72481 1940 0
79461 1538 0
13200 2108 0
43048 830 0
16805 1001 0
61323 2593 0
51887 2248 0
30875 2315 0
77158 2789 0
19288 1203 0
68571 1846 0
91723 2071 0
4941 1391 0
32376 1762 0
80851 1407 0
19689 1082 0
92913 1324 0
11724 2752 0
35617 2943 0
71266 2810 0
28378 735 0
70069 2906 0
56413 2163 0
99222 2342 0
18044 2020 0
49372 2797 0
4459 2129 0
7092 2942 0
4487 1724 0
3779 888 0
72574 515 0
97836 1426 0
85166 1790 0
78641 2670 0
51791 1245 0
12050 2022 0
10512 811 0
19516 1564 0
89796 1608 0
17975 1515 0
37967 924 0
85038 1671 0
69284 1379 0
75693 1917 0
37340 2298 0
54367 2679 0
80428 1473 0
53597 1705 0
44357 2266 0
71698 893 0
60048 1950 0
82601 621 0
65183 869 0
9127 1049 0
95026 894 0
23309 1445 0
64808 2861 0
25289 704 0
13899 613 0
49891 1356 0
79617 1411 0
17079 1758 0
17568 1971 0
78105 2837 0
66993 1767 0
69604 1816 0
42586 2968 0
24885 696 0
1461 2566 0
76657 2333 0
81731 1329 0
93138 2349 0
58359 518 0
65790 1538 0
34966 2954 0
82763 952 0
40411 812 0
19854 2620 0
93746 1812 0
43528 2208 0
57245 2756 0
4545 2220 0
86953 2382 0
83599 1925 0
49052 1544 0
61501 2934 0
56512 2099 0
75395 943 0
75124 1318 0
69778 779 0
25923 645 0
42244 2306 0
52621 1004 0
20463 1208 0
34245 1365 0
91760 2826 0
19910 909 0
20059 2729 0
43714 1086 0
48366 1254 0
74738 1402 0
68282 2973 0
51960 735 0
59527 2777 0
10305 2419 0
86629 2600 0
15690 2121 0
50771 1790 0
91496 1256 0
17203 1060 0
86576 2078 0
55782 2390 0
62923 2295 0
72550 1606 0
77282 2101 0
7005 1250 0
40363 2931 0
47026 1487 0
19195 2491 0
35399 865 0
95132 1361 0
73200 1117 0
36965 1030 0
96777 2412 0
89622 1829 0
65215 1722 0
98606 915 0
92062 2861 0
88092 1264 0
13997 1664 0
92661 2914 0
89982 2451 0
86143 831 0
67704 2046 0
71347 957 0
51946 737 0
33992 549 0
34537 2189 0
23248 635 0
91030 2086 0
52282 542 0
53396 1952 0
50830 1930 0
91504 1006 0
85392 2083 0
77232 1178 0
49741 985 0
23005 983 0
38245 740 0
88602 1084 0
72805 1615 0
96605 2829 0
10637 510 0
31380 1515 0
82070 870 0
27749 752 0
70165 1915 0
23536 2065 0
20923 875 0
81766 905 0
69697 1631 0
30179 1686 0
15002 1594 0
26181 2529 0
52291 816 0
34605 2910 0
76403 2156 0
49603 1299 0
77637 2798 0
90775 1417 0
42419 1913 0
51265 1271 0
93770 1767 0
6160 2586 0
78623 2110 0
50018 633 0
2508 2915 0
52936 2984 0
54366 1623 0
96611 1801 0
68507 1110 0
30167 1167 0
61042 2495 0
316 757 0
12088 1367 0
76649 1789 0
70412 1292 0
79608 2070 0
4712 750 0
56087 2588 0
38436 1987 0
5808 2887 0
38255 877 0
87695 1962 0
43613 739 0
82528 2168 0
5923 2243 0
60225 1712 0
87155 2983 0
76434 1037 0
52563 2358 0
21944 2751 0
41842 2117 0
72642 1625 0
83679 1188 0
1844 2592 0
63374 2151 0
98901 1782 0
64863 2555 0
32425 1418 0
8433 2652 0
84589 1740 0
4145 2144 0
22998 539 0
17994 2618 0
90930 968 0
66183 2468 0
22969 2493 0
76206 1254 0
11957 2707 0
66733 2868 0
79918 1331 0
92812 1446 0
67092 927 0
15704 1814 0
6423 1792 0
22049 1042 0
36884 2975 0
41269 678 0
30012 1730 0
79375 2813 0
83613 1165 0
27376 2773 0
56277 2544 0
25602 905 0
23534 908 0
24401 1906 0
91029 2852 0
88730 2662 0
19871 1856 0
97097 866 0
29891 2431 0
86468 1489 0
38717 2386 0
18517 1718 0
79257 1676 0
18314 753 0
46288 620 0
64961 1852 0
45663 644 0
91605 2105 0
1608 2658 0
57966 1748 0
12280 633 0
87168 836 0
5602 909 0
13307 1196 0
16937 889 0
58342 701 0
9707 668 0
37797 558 0
19234 2294 0
18346 2666 0
79505 1382 0
54830 2387 0
67886 2770 0
46194 1796 0
11006 766 0
9872 785 0
34489 1963 0
67878 2335 0
16204 1970 0
50028 1827 0
38972 755 0
12038 2482 0
69670 1756 0
86524 1301 0
96397 972 0
86245 806 0
33004 2717 0
32464 1928 0
58808 1669 0
95969 1923 0
36746 2303 0
59336 907 0
36820 2127 0
7613 523 0
1158 1138 0
35613 2675 0
63025 2019 0
62707 1550 0
101193 878 1
61019 2097 0
33369 1939 0
10545 1094 0
90670 2065 0
14012 913 0
90954 1299 0
25064 2373 0
86557 1605 0
54265 1568 0
88600 2974 0
81921 639 0
75411 1497 0
74521 1381 0
25881 1348 0
15097 2572 0
18518 2683 0
55645 1500 0
60790 909 0
87337 1851 0
81447 1426 0
93079 1434 0
38760 1069 0
31498 992 0
59622 2880 0
63557 845 0
66222 969 0
62969 1464 0
80266 1306 0
20070 1124 0
88036 2103 0
73717 1197 0
43715 2077 0
50399 2363 0
62955 590 0
48823 705 0
75304 2062 0
66073 2802 0
11198 1443 0
12109 1660 0
49650 937 0
2609 1612 0
10556 837 0
68131 1976 0
68890 1336 0
47954 1978 0
38918 1280 0
85280 2642 0
54283 531 0
99061 2203 0
54454 1337 0
11330 582 0
78716 1057 0
24778 1628 0
52794 1873 0
37975 881 0
60164 1223 0
36448 1772 0
70951 2807 0
26147 1213 0
46987 2738 0
47654 1738 0
82417 1059 0
14609 1957 0
19091 742 0
91120 2465 0
72864 554 0
92329 2549 0
88567 1265 0
20908 2296 0
15804 1020 0
40742 1638 0
66423 1719 0
12173 1829 0
4406 2101 0
7729 2402 0
52781 1869 0
21227 986 0
27024 2836 0
67078 2263 0
6707 1975 0
53606 1757 0
52503 1364 0
69690 1986 0
75774 2146 0
15239 2127 0
46732 576 0
25762 2042 0
61995 549 0
88222 1103 0
30122 2638 0
1943 1883 0
49808 2089 0
16815 2022 0
52808 2319 0
11606 691 0
32299 2839 0
95459 1863 0
45904 770 0
79726 2542 0
88454 979 0
63929 1224 0
95843 2186 0
7428 995 0
70991 1145 0
65900 612 0
8175 2707 0
65160 1796 0
92764 1719 0
32397 954 0
96943 2992 0
26882 598 0
92494 592 0
13380 936 0
62394 569 0
14893 1588 0
30028 1491 0
29932 1612 0
37873 2449 0
25448 1121 0
25415 2164 0
94774 1254 0
47120 2681 0
71596 1899 0
86239 2418 0
70104 1061 0
65869 851 0
5851 1785 0
62764 2044 0
10853 2410 0
41619 1661 0
10758 2751 0
86989 2853 0
5660 1813 0
74112 2585 0
36410 939 0
50375 2342 0
17811 2132 0
48893 764 0
31266 826 0
80221 586 0
12123 1214 0
24632 2507 0
13525 1122 0
9708 2096 0
81725 948 0
38256 2044 0
23859 1842 0
23239 2706 0
41545 1273 0
404 570 0
31557 1815 0
81030 1891 0
38049 2529 0
20242 571 0
50927 1246 0
16232 572 0
95607 2565 0
35028 812 0
35050 1154 0
48980 1949 0
58550 1108 0
37107 1610 0
17926 1343 0
87574 2179 0
23160 2286 0
15371 2273 0
26172 1103 0
19948 2187 0
22647 1141 0
57193 1635 0
88670 1755 0
95104 1250 0
53023 2563 0
43138 2362 0
80634 887 0
10617 1691 0
68396 1501 0
27816 584 0
97286 2881 0
72895 1980 0
79683 2323 0
3975 2052 0
34431 1958 0
38124 1389 0
9560 631 0
85992 2706 0
10166 1204 0
23634 1658 0
60656 664 0
74589 1673 0
8337 2334 0
5054 1804 0
49589 2088 0
66756 2069 0
48413 2908 0
21540 870 0
58038 501 0
3167 2500 0
79806 2053 0
53353 1063 0
41103 2355 0
2159 2705 0
76003 2157 0
13854 1790 0
2001 942 0
652 968 0
72648 2865 0
12551 2771 0
34748 1921 0
42830 947 0
33780 501 0
77301 819 0
14148 892 0
86295 703 0
38700 2612 0
52828 1812 0
9360 2237 0
72526 2353 0
94552 690 0
8830 2428 0
79314 1841 0
26260 2003 0
8962 2048 0
85750 829 0
93435 1659 0
61174 1849 0
9830 1369 0
49697 2883 0
35218 2824 0
59835 1009 0
58348 2299 0
87463 1119 0
55558 1607 0
33841 2392 0
12439 2059 0
781 2682 0
23921 888 0
53624 2559 0
37210 2193 0
76982 953 0
81408 2367 0
49794 2818 0
60815 1173 0
27193 996 0
26840 2217 0
9056 594 0
16916 2431 0
87285 2149 0
26846 2428 0
39271 2070 0
68937 2638 0
37896 1626 0
9372 1200 0
55975 927 0
29578 2307 0
80491 923 0
51847 2889 0
42852 1370 0
16339 1886 0
79032 1365 0
50164 1429 0
34636 1686 0
37858 2427 0
53476 2667 0
14382 1499 0
10860 819 0
82233 1900 0
24456 2377 0
52604 2304 0
1251 1152 0
41980 2299 0
39178 1207 0
95265 1394 0
65869 724 0
87614 1567 0
4539 1231 0
96696 2502 0
22811 2390 0
13276 2503 0
25211 1685 0
81361 1416 0
88802 1904 0
15615 918 0
35762 1474 0
4594 525 0
10301 2908 0
45274 2204 0
16251 1406 0
33212 2215 0
96907 2453 0
24185 2313 0
54891 2640 0
97708 1716 0
38933 2663 0
32765 2429 0
33675 1291 0
57667 1754 0
80246 1156 0
95499 2205 0
35571 2707 0
77841 1595 0
11344 597 0
59765 1415 0
5484 1018 0
66841 1863 0
85770 2789 0
12822 2195 0
99132 1117 0
40866 1677 0
82518 2082 0
70496 1663 0
3402 2005 0
45538 1690 0
83283 1521 0
15442 2445 0
99186 2227 0
16456 901 0
19200 669 0
45278 1102 0
4850 1542 0
85756 1260 0
87280 1405 0
78561 952 0
89963 1773 0
54305 914 0
13401 866 0
617 707 0
94638 907 0
98424 1699 0
9503 2591 0
70431 1422 0
59656 2259 0
44782 1142 0
23575 1805 0
48088 599 0
97315 952 0
25548 1763 0
31184 1289 0
16128 1852 0
15347 1902 0
35824 510 0
83964 913 0
43435 1988 0
9180 537 0
58180 2601 0
48059 2713 0
89187 1646 0
953 2537 0
45067 1626 0
20041 689 0
79794 2757 0
42308 2953 0
15628 2121 0
83737 1173 0
15966 891 0
91311 2315 0
32671 912 0
93285 2421 0
47596 1118 0
58139 1356 0
90889 1804 0
16632 1796 0
39365 2363 0
57269 2489 0
58611 826 0
80379 1610 0
93260 2865 0
39887 1821 0
87168 2234 0
84064 2637 0
28429 2700 0
18536 1606 0
85229 2112 0
26008 2501 0
25815 2937 0
28719 504 0
44000 1819 0
61385 1818 0
73660 706 0
55304 2932 0
33430 2805 0
58341 1330 0
85035 1616 0
46339 669 0
62816 1434 0
28224 2202 0
18151 519 0
11034 2140 0
41466 2719 0
65671 1480 0
45105 1070 0
84354 2927 0
75770 2220 0
22030 1489 0
80979 2872 0
59707 2739 0
37545 1944 0
14603 1804 0
38764 889 0
21055 2448 0
75206 1555 0
38638 2195 0
4212 2210 0
30828 1971 0
94219 1547 0
49321 2148 0
42625 943 0
46673 2385 0
13236 2588 0
59015 730 0
31013 884 0
90014 1646 0
60336 648 0
40479 2769 0
54114 779 0
69811 2469 0
93674 1358 0
72862 1089 0
74814 1515 0
65581 2632 0
12290 2009 0
38506 585 0
17242 1949 0
10688 1299 0
8329 1823 0
25108 2989 0
66270 2323 0
76318 1245 0
38186 710 0
93849 1800 0
82167 2960 0
81926 911 0
42324 1899 0
94114 680 0
84379 2363 0
7046 1997 0
77007 2300 0
54025 1685 0
33833 2803 0
62992 582 0
90901 2668 0
61711 2674 0
15564 1528 0
78119 629 0
6601 2501 0
54230 2450 0
51472 1381 0
76422 1040 0
21482 2250 0
85945 2101 0
17057 2491 0
23815 1268 0
95330 1108 0
6486 1605 0
84380 1776 0
22289 2719 0
58817 2317 0
98552 1702 0
25966 1798 0
80642 2811 0
82668 1992 0
7300 845 0
20703 1381 0
99982 2529 0
28887 2388 0
30702 2571 0
64204 1601 0
89637 1076 0
49812 1372 0
61051 565 0
28181 1392 0
58703 2297 0
93663 2311 0
79324 2507 0
62124 1595 0
67314 597 0
31352 2260 0
75350 1015 0
5941 2089 0
59515 1408 0
89425 2681 0
14604 2290 0
43733 918 0
44372 1716 0
89201 638 0
86604 542 0
69066 594 0
45753 1467 0
13654 2146 0
45098 1740 0
38294 2063 0
72246 750 0
10029 2276 0
12596 1117 0
25889 2290 0
76826 608 0
92373 1986 0
94322 1200 0
43068 1131 0
9525 1143 0
9362 2921 0
89012 600 0
105355 1866 1
92542 1418 0
19774 1424 0
32715 1715 0
110390 1763 1
50214 2780 0
88551 1380 0
884 1454 0
50512 1507 0
44585 513 0
62884 2236 0
61741 2653 0
44159 1814 0
43499 1698 0
3069 1831 0
10048 1925 0
23218 2478 0
22016 1791 0
833 660 0
98160 1636 0
84691 716 0
28693 1290 0
55357 1733 0
78609 1416 0
70336 2365 0
86814 689 0
48587 1449 0
38616 871 0
90015 2265 0
62900 2993 0
24916 991 0
5962 629 0
73983 1024 0
40435 1276 0
36790 1305 0
521 2602 0
59102 2105 0
12293 1199 0
91975 2765 0
16603 2415 0
99316 2698 0
52484 1656 0
7982 2528 0
46997 2555 0
17441 2131 0
54700 2090 0
60817 1320 0
33064 1475 0
66668 1951 0
95987 2104 0
10805 1835 0
87657 1480 0
70642 2928 0
59799 2651 0
67468 1095 0
27291 2400 0
57442 2914 0
2257 2045 0
30349 1718 0
86992 1301 0
97585 918 0
61659 1464 0
49390 1058 0
114657 1056 1
73263 1711 0
57366 528 0
30139 1061 0
39665 1242 0
97895 2689 0
1253 1330 0
65133 1969 0
24522 1345 0
2260 736 0
55379 2459 0
63307 679 0
20963 1848 0
47182 907 0
23894 2665 0
13494 2822 0
74146 1283 0
46788 1945 0
5101 1503 0
69338 633 0
26699 2726 0
9074 1926 0
61242 2875 0
71310 1482 0
20818 725 0
62924 628 0
15822 2271 0
6998 2264 0
72619 1128 0
62024 1073 0
67984 603 0
86542 1572 0
37450 2142 0
53277 2765 0
35935 2289 0
39829 2554 0
62676 2536 0
79134 1269 0
14858 2586 0
70942 1934 0
14198 2492 0
1426 1411 0
67506 822 0
11402 942 0
44980 2863 0
64469 1259 0
14175 605 0
53150 2028 0
3537 2465 0
24719 827 0
96933 1032 0
73862 1888 0
18445 1284 0
88420 2350 0
20320 628 0
62885 1828 0
71700 2322 0
58185 915 0
53017 2033 0
4474 2934 0
52830 2737 0
85379 2155 0
14568 2978 0
50618 2989 0
34429 618 0
28855 1085 0
9013 1060 0
523 2633 0
44345 2248 0
49707 1929 0
49455 2876 0
19958 1468 0
81431 1725 0
54370 2816 0
47339 1908 0
28632 1597 0
65772 1414 0
98187 1831 0
5269 1449 0
37179 2451 0
57102 807 0
73688 1972 0
19578 657 0
25754 1549 0
46226 854 0
85436 1201 0
54044 1438 0
85520 1046 0
84436 2129 0
95981 2405 0
99249 1554 0
54661 2856 0
45367 2358 0
41445 634 0
34030 1048 0
60526 1377 0
44818 1551 0
66937 993 0
7076 1665 0
47364 505 0
62126 1464 0
72895 1667 0
30773 2386 0
72731 2998 0
19155 960 0
34854 2379 0
60008 906 0
43542 906 0
62788 1006 0
47890 851 0
3943 642 0
16221 2615 0
73335 620 0
66788 1845 0
23793 2980 0
22997 1567 0
81582 1059 0
95972 2082 0
76385 1033 0
96301 2808 0
13794 1478 0
94688 2457 0
10017 1793 0
9808 798 0
75050 872 0
98290 2769 0
56523 1798 0
78737 2102 0
83020 1332 0
77775 2157 0
37834 1685 0
641 2999 0
56775 584 0
72638 1120 0
12804 2435 0
59416 1934 0
49177 806 0
65652 1963 0
7382 932 0
64835 2180 0
22575 546 0
83476 2566 0
42952 2248 0
21877 513 0
93868 2387 0
95223 1385 0
